source;target;label
0;14;89.72
1;10;88.02
2;8;89.85
3;6;86.47
3;8;89.45
4;10;88.40
5;7;84.33
5;9;88.88
6;3;86.47
6;12;88.54
6;20;89.62
7;5;84.33
8;13;89.28
8;3;89.45
8;2;89.85
9;13;88.53
9;5;88.88
10;1;88.02
10;12;88.09
10;4;88.40
11;13;74.61
12;10;88.09
12;6;88.54
13;11;74.61
13;14;84.28
13;9;88.53
13;8;89.28
14;13;84.28
14;0;89.72
15;23;84.72
15;22;85.25
16;49;75.89
16;20;80.88
16;27;81.48
17;28;80.38
18;26;76.62
18;20;80.98
19;20;84.23
20;16;80.88
20;18;80.98
20;19;84.23
20;6;89.62
21;24;79.95
22;108;79.34
22;31;80.63
22;15;85.25
22;60;85.41
22;27;88.31
22;52;89.34
23;15;84.72
24;91;62.88
24;26;77.55
24;21;79.95
24;54;82.53
25;27;87.10
25;33;87.38
26;18;76.62
26;24;77.55
26;30;84.34
27;34;80.47
27;28;80.99
27;16;81.48
27;25;87.10
27;22;88.31
28;38;79.54
28;17;80.38
28;27;80.99
28;32;85.99
29;56;80.19
30;26;84.34
31;22;80.63
32;28;85.99
32;59;87.40
33;25;87.38
34;27;80.47
35;37;81.00
36;37;81.46
36;67;84.77
37;35;81.00
37;36;81.46
38;28;79.54
39;54;81.43
39;43;84.62
40;42;78.95
40;55;80.98
40;47;89.37
41;103;83.44
41;56;84.52
42;40;78.95
43;39;84.62
44;76;71.01
45;57;79.82
46;48;81.46
46;47;81.62
46;83;82.90
46;75;83.73
46;50;84.96
47;46;81.62
47;40;89.37
48;46;81.46
49;62;73.20
49;16;75.89
50;46;84.96
50;71;88.72
51;53;83.68
52;22;89.34
53;57;77.77
53;51;83.68
54;39;81.43
54;24;82.53
55;40;80.98
55;61;86.59
56;29;80.19
56;41;84.52
56;80;84.87
57;53;77.77
57;45;79.82
57;76;79.96
58;66;88.65
59;67;81.69
59;32;87.40
60;22;85.41
60;77;85.81
60;61;89.39
61;55;86.59
61;60;89.39
62;49;73.20
63;67;87.14
64;74;77.81
65;66;83.89
66;65;83.89
66;58;88.65
66;133;89.68
67;59;81.69
67;36;84.77
67;63;87.14
68;69;81.68
68;88;84.08
68;133;87.61
69;68;81.68
69;79;84.56
69;78;89.82
70;104;79.84
71;72;86.44
71;80;88.07
71;50;88.72
72;74;75.19
72;71;86.44
73;101;85.07
73;89;85.50
73;79;89.79
74;72;75.19
74;64;77.81
75;46;83.73
75;82;88.75
76;44;71.01
76;57;79.96
76;85;84.95
77;111;84.05
77;60;85.81
78;69;89.82
79;69;84.56
79;85;85.35
79;84;87.42
79;73;89.79
80;102;75.36
80;56;84.87
80;104;85.16
80;71;88.07
81;85;89.05
81;87;89.31
82;75;88.75
83;46;82.90
84;79;87.42
84;118;88.91
85;76;84.95
85;79;85.35
85;81;89.05
86;87;80.06
86;95;86.01
87;86;80.06
87;92;80.54
87;81;89.31
88;68;84.08
88;104;87.76
89;73;85.50
90;101;77.30
91;24;62.88
91;93;80.79
92;87;80.54
93;91;80.79
94;120;86.73
95;86;86.01
96;122;84.98
96;115;88.38
97;99;78.21
97;116;81.64
98;134;79.55
99;97;78.21
100;106;82.55
101;90;77.30
101;73;85.07
102;80;75.36
103;41;83.44
103;145;84.48
104;70;79.84
104;80;85.16
104;88;87.76
104;116;88.16
105;111;83.61
106;100;82.55
106;191;89.40
107;110;81.49
107;126;85.67
108;113;78.72
108;22;79.34
108;173;87.78
109;130;79.95
109;115;80.22
109;148;84.07
110;121;79.73
110;107;81.49
111;105;83.61
111;77;84.05
112;114;75.39
113;169;69.92
113;108;78.72
113;120;79.50
114;112;75.39
114;125;83.21
115;109;80.22
115;140;84.61
115;96;88.38
116;97;81.64
116;104;88.16
117;120;79.34
118;122;86.68
118;84;88.91
119;130;74.64
120;117;79.34
120;113;79.50
120;94;86.73
121;110;79.73
122;96;84.98
122;118;86.68
122;139;88.40
123;132;83.66
124;126;81.96
125;114;83.21
125;129;86.07
126;124;81.96
126;107;85.67
126;150;86.79
127;140;73.50
128;129;88.49
129;157;84.17
129;125;86.07
129;128;88.49
130;119;74.64
130;109;79.95
131;134;83.66
131;160;83.97
132;123;83.66
132;163;87.11
133;68;87.61
133;66;89.68
134;98;79.55
134;131;83.66
134;175;89.29
135;147;68.52
136;142;70.28
136;154;80.42
137;144;88.97
138;163;77.16
138;154;80.86
138;143;81.86
139;122;88.40
140;127;73.50
140;115;84.61
140;188;86.19
141;161;83.94
141;144;89.22
142;136;70.28
143;138;81.86
144;137;88.97
144;141;89.22
145;168;81.95
145;164;82.08
145;103;84.48
145;159;88.42
146;186;81.16
147;135;68.52
147;154;82.13
148;183;82.96
148;109;84.07
149;190;89.18
150;153;84.08
150;126;86.79
151;170;71.29
151;193;77.72
151;155;83.41
151;177;86.76
152;180;83.99
152;164;85.51
153;159;80.60
153;167;83.40
153;150;84.08
153;154;87.75
154;136;80.42
154;138;80.86
154;147;82.13
154;153;87.75
155;151;83.41
155;171;84.32
155;194;89.18
156;168;68.24
157;129;84.17
157;159;85.44
158;165;85.78
159;153;80.60
159;157;85.44
159;145;88.42
160;196;70.86
160;131;83.97
161;202;81.96
161;141;83.94
161;183;84.39
162;165;80.88
162;164;85.06
163;138;77.16
163;132;87.11
163;207;89.21
164;145;82.08
164;162;85.06
164;152;85.51
165;162;80.88
165;158;85.78
166;170;88.07
167;153;83.40
168;156;68.24
168;145;81.95
169;113;69.92
170;151;71.29
170;166;88.07
171;155;84.32
171;201;87.48
172;177;85.16
173;178;81.24
173;108;87.78
174;177;81.00
174;175;88.74
175;174;88.74
175;134;89.29
176;187;74.36
176;179;84.94
177;174;81.00
177;172;85.16
177;151;86.76
178;200;78.75
178;173;81.24
178;192;81.68
178;184;84.11
179;176;84.94
180;152;83.99
181;192;67.78
182;192;81.37
183;148;82.96
183;194;83.92
183;161;84.39
184;187;79.78
184;191;80.35
184;178;84.11
185;187;87.07
186;146;81.16
186;207;85.95
187;176;74.36
187;184;79.78
187;185;87.07
188;140;86.19
189;248;80.55
190;195;79.56
190;228;79.76
190;149;89.18
191;221;80.28
191;184;80.35
191;106;89.40
192;181;67.78
192;182;81.37
192;178;81.68
193;197;77.49
193;151;77.72
194;183;83.92
194;195;88.75
194;155;89.18
195;190;79.56
195;194;88.75
196;160;70.86
197;193;77.49
198;223;87.42
199;215;79.94
199;209;81.85
200;178;78.75
201;208;71.11
201;206;73.05
201;171;87.48
201;211;87.97
202;203;80.86
202;161;81.96
203;202;80.86
204;216;87.88
205;212;77.73
206;201;73.05
207;186;85.95
207;222;87.78
207;163;89.21
208;201;71.11
209;199;81.85
209;210;86.05
210;242;86.01
210;209;86.05
210;221;89.07
211;229;75.93
211;218;79.00
211;201;87.97
212;222;71.09
212;205;77.73
213;234;84.83
214;218;74.80
215;230;77.25
215;199;79.94
215;226;81.45
216;307;83.05
216;204;87.88
217;264;87.82
218;214;74.80
218;211;79.00
219;224;65.89
220;223;80.98
220;221;85.32
220;250;86.38
221;191;80.28
221;220;85.32
221;210;89.07
222;212;71.09
222;207;87.78
223;220;80.98
223;198;87.42
224;219;65.89
224;235;83.09
225;236;83.45
225;258;84.04
226;215;81.45
226;248;88.37
227;230;69.74
228;190;79.76
229;211;75.93
230;227;69.74
230;215;77.25
231;251;83.86
231;243;85.25
232;259;87.53
233;260;82.38
234;235;79.55
234;236;80.54
234;213;84.83
235;234;79.55
235;255;82.58
235;224;83.09
236;234;80.54
236;225;83.45
236;248;86.76
237;240;74.57
237;246;89.90
238;258;84.57
239;247;85.49
239;241;86.23
240;237;74.57
241;245;78.15
241;239;86.23
242;245;77.89
242;266;83.57
242;210;86.01
243;231;85.25
244;258;79.53
245;242;77.89
245;241;78.15
245;270;84.15
246;257;84.30
246;237;89.90
247;239;85.49
248;189;80.55
248;236;86.76
248;226;88.37
249;280;74.99
250;220;86.38
250;251;88.52
251;231;83.86
251;250;88.52
251;260;88.85
252;253;75.01
252;273;77.26
253;252;75.01
253;260;81.68
253;307;85.57
254;295;87.02
255;235;82.58
256;263;80.66
257;273;75.03
257;277;78.54
257;261;82.38
257;246;84.30
258;264;77.17
258;244;79.53
258;268;80.87
258;225;84.04
258;238;84.57
259;272;86.88
259;232;87.53
259;284;88.33
259;281;88.97
260;253;81.68
260;233;82.38
260;251;88.85
261;257;82.38
262;267;60.86
263;271;77.72
263;256;80.66
263;280;84.23
264;258;77.17
264;217;87.82
265;267;73.60
265;305;80.70
266;242;83.57
267;262;60.86
267;265;73.60
268;258;80.87
269;283;78.98
269;273;86.22
270;271;83.05
270;245;84.15
271;263;77.72
271;270;83.05
271;286;85.37
271;275;88.68
271;272;88.71
272;259;86.88
272;271;88.71
273;257;75.03
273;278;76.53
273;252;77.26
273;269;86.22
274;332;78.07
275;309;85.86
275;271;88.68
276;322;79.74
276;298;86.49
276;281;86.84
277;257;78.54
278;285;69.29
278;273;76.53
278;310;86.67
279;298;82.17
280;249;74.99
280;263;84.23
281;292;78.83
281;276;86.84
281;259;88.97
282;295;84.35
282;296;84.92
283;269;78.98
284;259;88.33
285;278;69.29
286;271;85.37
286;297;88.90
287;294;86.04
288;297;82.29
289;311;84.55
290;299;87.23
291;293;77.91
292;281;78.83
292;294;82.93
293;291;77.91
293;310;82.94
294;292;82.93
294;287;86.04
295;282;84.35
295;343;86.62
295;254;87.02
296;315;83.34
296;282;84.92
297;300;81.52
297;288;82.29
297;308;87.74
297;286;88.90
298;279;82.17
298;276;86.49
298;301;89.90
299;290;87.23
299;301;87.29
300;297;81.52
301;304;81.68
301;299;87.29
301;298;89.90
302;322;80.76
302;311;84.61
303;304;76.23
304;303;76.23
304;318;78.53
304;301;81.68
305;265;80.70
305;308;83.79
306;313;86.29
306;321;89.69
307;216;83.05
307;253;85.57
308;305;83.79
308;330;87.48
308;297;87.74
309;275;85.86
310;374;74.85
310;293;82.94
310;319;85.00
310;278;86.67
311;289;84.55
311;302;84.61
312;313;85.67
313;336;83.53
313;331;85.18
313;312;85.67
313;306;86.29
314;324;85.68
315;348;82.57
315;296;83.34
316;320;76.73
316;334;82.30
316;351;88.12
317;321;87.38
317;325;88.56
318;304;78.53
318;333;81.15
319;310;85.00
320;316;76.73
321;342;86.41
321;317;87.38
321;306;89.69
322;276;79.74
322;302;80.76
323;332;78.68
323;348;79.76
323;326;79.86
323;357;89.69
324;330;78.56
324;352;82.34
324;314;85.68
324;344;87.63
325;339;88.39
325;317;88.56
326;323;79.86
327;342;75.14
327;338;77.27
328;368;79.93
328;360;83.59
329;334;87.21
329;336;89.77
330;324;78.56
330;308;87.48
330;331;89.73
331;341;78.57
331;313;85.18
331;330;89.73
332;274;78.07
332;323;78.68
332;337;83.85
333;318;81.15
334;316;82.30
334;329;87.21
334;353;88.59
335;337;73.15
336;313;83.53
336;369;89.61
336;329;89.77
337;335;73.15
337;332;83.85
338;327;77.27
339;325;88.39
339;376;88.70
340;362;84.02
341;331;78.57
342;327;75.14
342;321;86.41
342;346;89.50
342;382;89.75
343;295;86.62
343;356;87.35
344;324;87.63
345;358;77.50
346;342;89.50
347;358;88.37
348;323;79.76
348;315;82.57
349;383;66.53
350;391;76.63
350;366;86.68
351;316;88.12
352;324;82.34
353;334;88.59
353;373;88.92
354;358;86.33
354;355;89.87
355;356;83.60
355;354;89.87
356;362;81.67
356;355;83.60
356;343;87.35
356;376;89.34
357;359;86.41
357;323;89.69
358;345;77.50
358;354;86.33
358;347;88.37
359;357;86.41
360;328;83.59
361;378;87.38
361;372;87.91
362;356;81.67
362;340;84.02
363;364;85.70
364;385;82.67
364;376;85.66
364;363;85.70
365;367;75.41
366;373;70.71
366;350;86.68
367;365;75.41
367;413;84.32
368;385;76.87
368;328;79.93
369;336;89.61
370;371;85.66
370;385;88.51
371;388;84.54
371;370;85.66
372;361;87.91
373;366;70.71
373;353;88.92
374;310;74.85
374;400;77.01
375;376;89.40
376;364;85.66
376;339;88.70
376;356;89.34
376;375;89.40
377;381;78.06
377;389;80.26
377;386;84.21
377;382;85.05
378;379;76.84
378;361;87.38
378;382;89.99
379;378;76.84
380;395;74.34
381;377;78.06
382;377;85.05
382;342;89.75
382;378;89.99
383;349;66.53
383;417;80.87
384;386;82.59
384;390;83.20
384;401;85.67
385;368;76.87
385;364;82.67
385;370;88.51
386;384;82.59
386;377;84.21
387;395;78.98
388;371;84.54
389;399;78.38
389;377;80.26
390;384;83.20
391;350;76.63
392;407;82.34
392;430;87.88
393;405;67.59
393;396;87.58
393;425;88.28
393;394;88.95
394;414;85.34
394;393;88.95
395;380;74.34
395;387;78.98
395;396;80.64
396;395;80.64
396;393;87.58
397;412;89.62
398;400;74.92
399;389;78.38
399;403;89.25
400;398;74.92
400;374;77.01
401;410;82.41
401;414;83.53
401;384;85.67
401;408;86.26
402;406;73.37
403;399;89.25
404;410;87.74
404;419;89.74
405;393;67.59
406;402;73.37
406;407;89.19
407;435;81.85
407;392;82.34
407;406;89.19
408;401;86.26
409;415;81.40
409;430;82.83
410;413;78.85
410;401;82.41
410;404;87.74
411;429;80.28
412;415;79.83
412;418;85.91
412;397;89.62
413;410;78.85
413;367;84.32
414;401;83.53
414;394;85.34
415;412;79.83
415;409;81.40
415;432;86.43
416;458;80.26
417;442;77.53
417;383;80.87
417;422;89.37
418;412;85.91
419;404;89.74
420;452;83.32
420;436;88.35
421;427;79.45
421;432;86.39
422;439;88.34
422;417;89.37
422;431;89.99
423;424;78.90
423;431;82.72
423;470;87.97
424;423;78.90
425;426;72.25
425;428;74.39
425;435;83.17
425;393;88.28
426;425;72.25
427;421;79.45
428;425;74.39
429;411;80.28
429;434;81.80
429;443;87.23
429;456;87.45
430;438;78.65
430;409;82.83
430;392;87.88
431;423;82.72
431;434;82.81
431;422;89.99
432;437;81.22
432;421;86.39
432;415;86.43
433;449;78.71
434;447;79.54
434;429;81.80
434;431;82.81
435;407;81.85
435;425;83.17
436;420;88.35
436;439;89.27
436;440;89.74
437;441;80.87
437;432;81.22
438;430;78.65
438;452;80.33
438;460;87.43
439;422;88.34
439;436;89.27
440;436;89.74
441;444;61.65
441;437;80.87
442;417;77.53
442;471;82.53
443;446;68.76
443;448;85.65
443;429;87.23
444;441;61.65
445;475;81.05
445;450;83.96
446;443;68.76
447;434;79.54
447;451;81.37
448;443;85.65
449;433;78.71
449;462;88.32
449;450;88.73
450;445;83.96
450;449;88.73
451;447;81.37
452;438;80.33
452;420;83.32
453;461;78.00
454;458;85.47
454;466;86.53
454;467;87.70
455;473;74.52
455;461;81.43
456;429;87.45
456;492;89.22
457;465;86.75
457;474;89.83
458;416;80.26
458;454;85.47
458;459;88.03
459;464;73.65
459;458;88.03
460;438;87.43
461;453;78.00
461;455;81.43
461;462;83.10
462;461;83.10
462;493;84.36
462;467;85.30
462;476;86.03
462;449;88.32
462;482;89.23
463;467;62.41
464;459;73.65
465;457;86.75
465;466;87.54
466;454;86.53
466;465;87.54
466;469;87.71
467;463;62.41
467;462;85.30
467;454;87.70
468;476;86.20
469;478;81.11
469;470;83.36
469;485;86.33
469;466;87.71
470;469;83.36
470;423;87.97
471;488;81.80
471;442;82.53
472;487;83.57
473;455;74.52
474;484;85.14
474;457;89.83
475;445;81.05
476;462;86.03
476;468;86.20
477;499;79.78
477;498;85.16
478;469;81.11
478;489;81.78
479;488;89.94
480;493;80.54
480;481;85.21
481;480;85.21
482;497;80.79
482;462;89.23
482;490;89.97
483;488;85.05
484;474;85.14
485;486;78.69
485;469;86.33
486;485;78.69
487;498;80.37
487;472;83.57
487;489;88.15
488;471;81.80
488;483;85.05
488;479;89.94
489;478;81.78
489;487;88.15
490;495;83.66
490;482;89.97
491;497;89.14
492;494;88.94
492;456;89.22
493;480;80.54
493;462;84.36
494;492;88.94
495;490;83.66
496;499;86.64
497;482;80.79
497;491;89.14
498;487;80.37
498;477;85.16
499;477;79.78
499;496;86.64
