source;target;label
0;1;3.30
0;2;39.21
0;3;31.58
0;4;52.43
0;5;15.50
0;6;43.79
0;7;10.09
0;8;12.66
0;9;53.44
0;10;79.78
0;11;72.09
0;12;55.66
0;13;61.05
0;14;89.72
0;35;61.69
1;0;3.30
1;2;53.34
1;3;39.84
1;4;21.14
1;5;77.68
1;6;18.75
1;7;41.52
1;8;16.90
1;9;36.20
1;10;88.02
1;11;70.22
1;12;49.59
1;13;28.86
1;14;45.75
1;24;30.29
2;0;39.21
2;1;53.34
2;3;76.94
2;4;21.01
2;5;6.57
2;6;39.18
2;7;30.22
2;8;89.85
2;9;87.79
2;10;76.37
2;11;32.93
2;12;8.63
2;13;31.05
2;14;41.61
2;26;21.35
3;0;31.58
3;1;39.84
3;2;76.94
3;4;44.25
3;5;52.75
3;6;86.47
3;7;8.53
3;8;89.45
3;9;33.30
3;10;31.53
3;11;34.30
3;12;31.52
3;13;1.02
3;14;61.09
3;34;29.08
4;0;52.43
4;1;21.14
4;2;21.01
4;3;44.25
4;5;8.54
4;6;79.11
4;7;59.08
4;8;29.08
4;9;51.19
4;10;88.40
4;11;70.24
4;12;57.41
4;13;14.04
4;14;2.13
4;23;37.31
5;0;15.50
5;1;77.68
5;2;6.57
5;3;52.75
5;4;8.54
5;6;1.53
5;7;84.33
5;8;28.36
5;9;88.88
5;10;35.25
5;11;52.38
5;12;15.98
5;13;59.96
5;14;40.13
5;36;34.74
6;0;43.79
6;1;18.75
6;2;39.18
6;3;86.47
6;4;79.11
6;5;1.53
6;7;4.32
6;8;12.18
6;9;86.11
6;10;83.48
6;11;34.04
6;12;88.54
6;13;74.49
6;14;49.02
6;20;89.62
7;0;10.09
7;1;41.52
7;2;30.22
7;3;8.53
7;4;59.08
7;5;84.33
7;6;4.32
7;8;14.96
7;9;79.25
7;10;39.33
7;11;17.14
7;12;74.20
7;13;39.09
7;14;17.21
7;16;61.27
8;0;12.66
8;1;16.90
8;2;89.85
8;3;89.45
8;4;29.08
8;5;28.36
8;6;12.18
8;7;14.96
8;9;18.23
8;10;1.22
8;11;18.97
8;12;41.98
8;13;89.28
8;14;41.02
8;23;14.93
9;0;53.44
9;1;36.20
9;2;87.79
9;3;33.30
9;4;51.19
9;5;88.88
9;6;86.11
9;7;79.25
9;8;18.23
9;10;2.75
9;11;73.54
9;12;22.69
9;13;88.53
9;14;51.89
9;18;65.58
10;0;79.78
10;1;88.02
10;2;76.37
10;3;31.53
10;4;88.40
10;5;35.25
10;6;83.48
10;7;39.33
10;8;1.22
10;9;2.75
10;11;53.62
10;12;88.09
10;13;66.43
10;14;27.45
10;23;60.99
11;0;72.09
11;1;70.22
11;2;32.93
11;3;34.30
11;4;70.24
11;5;52.38
11;6;34.04
11;7;17.14
11;8;18.97
11;9;73.54
11;10;53.62
11;12;56.93
11;13;74.61
11;14;4.62
11;20;15.26
12;0;55.66
12;1;49.59
12;2;8.63
12;3;31.52
12;4;57.41
12;5;15.98
12;6;88.54
12;7;74.20
12;8;41.98
12;9;22.69
12;10;88.09
12;11;56.93
12;13;28.55
12;14;13.31
12;65;54.57
13;0;61.05
13;1;28.86
13;2;31.05
13;3;1.02
13;4;14.04
13;5;59.96
13;6;74.49
13;7;39.09
13;8;89.28
13;9;88.53
13;10;66.43
13;11;74.61
13;12;28.55
13;14;84.28
13;72;64.48
14;0;89.72
14;1;45.75
14;2;41.61
14;3;61.09
14;4;2.13
14;5;40.13
14;6;49.02
14;7;17.21
14;8;41.02
14;9;51.89
14;10;27.45
14;11;4.62
14;12;13.31
14;13;84.28
14;20;22.81
15;16;34.60
15;17;77.78
15;18;78.41
15;19;60.23
15;20;20.77
15;21;23.41
15;22;85.25
15;23;84.72
15;24;66.68
15;25;59.30
15;30;51.72
15;33;47.73
15;34;21.58
15;47;47.90
15;76;26.23
16;7;61.27
16;15;34.60
16;17;64.17
16;18;71.75
16;19;26.26
16;20;80.88
16;21;16.14
16;22;13.03
16;23;27.41
16;27;81.48
16;34;56.70
16;38;63.13
16;47;36.14
16;49;75.89
16;58;48.77
17;15;77.78
17;16;64.17
17;18;34.16
17;19;47.99
17;20;42.75
17;22;64.70
17;23;49.45
17;25;31.08
17;28;80.38
17;30;21.98
17;32;51.10
17;33;47.59
17;39;28.50
17;41;3.68
17;43;66.85
18;9;65.58
18;15;78.41
18;16;71.75
18;17;34.16
18;19;5.28
18;20;80.98
18;21;13.78
18;26;76.62
18;27;39.82
18;33;42.01
18;37;61.18
18;38;65.36
18;39;57.17
18;41;74.38
18;47;8.19
19;15;60.23
19;16;26.26
19;17;47.99
19;18;5.28
19;20;84.23
19;23;14.03
19;24;64.18
19;25;56.80
19;26;69.93
19;27;48.44
19;30;61.38
19;33;47.23
19;38;59.38
19;53;45.96
19;55;5.29
20;6;89.62
20;11;15.26
20;14;22.81
20;15;20.77
20;16;80.88
20;17;42.75
20;18;80.98
20;19;84.23
20;25;34.50
20;29;79.47
20;30;38.50
20;32;15.56
20;34;46.71
20;40;18.45
20;49;18.70
21;15;23.41
21;16;16.14
21;18;13.78
21;22;19.50
21;23;68.10
21;24;79.95
21;25;15.10
21;26;74.47
21;28;26.89
21;31;26.40
21;32;66.68
21;33;17.26
21;38;42.55
21;40;35.43
21;64;45.04
22;15;85.25
22;16;13.03
22;17;64.70
22;21;19.50
22;23;66.43
22;24;18.74
22;27;88.31
22;30;29.88
22;31;80.63
22;32;17.55
22;33;10.54
22;48;33.16
22;52;89.34
22;60;85.41
22;108;79.34
23;4;37.31
23;8;14.93
23;10;60.99
23;15;84.72
23;16;27.41
23;17;49.45
23;19;14.03
23;21;68.10
23;22;66.43
23;25;54.57
23;27;38.24
23;30;22.46
23;44;65.71
23;47;80.23
23;52;53.19
24;1;30.29
24;15;66.68
24;19;64.18
24;21;79.95
24;22;18.74
24;25;31.10
24;26;77.55
24;29;49.18
24;32;38.51
24;33;22.66
24;34;34.22
24;35;49.27
24;40;36.00
24;54;82.53
24;91;62.88
25;15;59.30
25;17;31.08
25;19;56.80
25;20;34.50
25;21;15.10
25;23;54.57
25;24;31.10
25;27;87.10
25;29;66.16
25;30;18.77
25;32;24.00
25;33;87.38
25;48;32.50
25;55;23.53
25;61;14.15
26;2;21.35
26;18;76.62
26;19;69.93
26;21;74.47
26;24;77.55
26;27;43.63
26;29;18.35
26;30;84.34
26;32;17.55
26;33;45.37
26;36;10.77
26;41;70.62
26;49;34.70
26;50;69.31
26;63;20.79
27;16;81.48
27;18;39.82
27;19;48.44
27;22;88.31
27;23;38.24
27;25;87.10
27;26;43.63
27;28;80.99
27;34;80.47
27;35;31.47
27;38;57.58
27;39;35.52
27;44;70.35
27;45;53.29
27;49;63.71
28;17;80.38
28;21;26.89
28;27;80.99
28;29;58.21
28;30;41.51
28;32;85.99
28;33;59.23
28;34;17.95
28;35;51.56
28;38;79.54
28;44;17.67
28;45;52.97
28;52;21.21
28;53;11.94
28;68;78.11
29;20;79.47
29;24;49.18
29;25;66.16
29;26;18.35
29;28;58.21
29;30;20.17
29;32;68.04
29;35;74.03
29;38;43.42
29;39;74.21
29;47;4.28
29;49;62.62
29;52;26.25
29;56;80.19
29;63;28.17
30;15;51.72
30;17;21.98
30;19;61.38
30;20;38.50
30;22;29.88
30;23;22.46
30;25;18.77
30;26;84.34
30;28;41.51
30;29;20.17
30;31;67.28
30;32;8.29
30;44;10.70
30;62;55.55
30;66;5.93
31;21;26.40
31;22;80.63
31;30;67.28
31;32;18.57
31;33;50.50
31;34;58.05
31;35;26.73
31;36;15.05
31;38;24.74
31;41;42.09
31;45;69.87
31;49;51.69
31;52;40.72
31;53;69.04
31;67;15.96
32;17;51.10
32;20;15.56
32;21;66.68
32;22;17.55
32;24;38.51
32;25;24.00
32;26;17.55
32;28;85.99
32;29;68.04
32;30;8.29
32;31;18.57
32;35;76.93
32;36;57.98
32;37;60.63
32;59;87.40
33;15;47.73
33;17;47.59
33;18;42.01
33;19;47.23
33;21;17.26
33;22;10.54
33;24;22.66
33;25;87.38
33;26;45.37
33;28;59.23
33;31;50.50
33;38;79.37
33;39;72.77
33;43;59.89
33;81;35.68
34;3;29.08
34;15;21.58
34;16;56.70
34;20;46.71
34;24;34.22
34;27;80.47
34;28;17.95
34;31;58.05
34;38;21.36
34;40;34.96
34;42;32.67
34;43;33.76
34;44;65.10
34;45;11.12
34;63;72.17
35;0;61.69
35;24;49.27
35;27;31.47
35;28;51.56
35;29;74.03
35;31;26.73
35;32;76.93
35;37;81.00
35;39;14.77
35;41;58.47
35;44;66.73
35;46;9.75
35;49;59.30
35;71;52.40
35;102;74.36
36;5;34.74
36;26;10.77
36;31;15.05
36;32;57.98
36;37;81.46
36;38;76.20
36;39;1.69
36;41;5.64
36;42;60.75
36;49;15.12
36;53;33.49
36;54;72.80
36;58;35.72
36;67;84.77
36;74;60.63
37;18;61.18
37;32;60.63
37;35;81.00
37;36;81.46
37;38;69.91
37;39;65.35
37;41;57.91
37;42;22.73
37;44;57.57
37;48;51.96
37;51;28.33
37;54;25.50
37;56;80.48
37;62;38.91
37;67;76.85
38;16;63.13
38;18;65.36
38;19;59.38
38;21;42.55
38;27;57.58
38;28;79.54
38;29;43.42
38;31;24.74
38;33;79.37
38;34;21.36
38;36;76.20
38;37;69.91
38;39;52.95
38;53;36.79
38;77;27.48
39;17;28.50
39;18;57.17
39;27;35.52
39;29;74.21
39;33;72.77
39;35;14.77
39;36;1.69
39;37;65.35
39;38;52.95
39;43;84.62
39;45;35.98
39;47;17.45
39;49;62.50
39;51;21.16
39;54;81.43
40;20;18.45
40;21;35.43
40;24;36.00
40;34;34.96
40;42;78.95
40;43;57.86
40;45;59.85
40;47;89.37
40;51;65.56
40;52;48.85
40;55;80.98
40;62;37.99
40;66;38.30
40;71;18.76
40;95;45.61
41;17;3.68
41;18;74.38
41;26;70.62
41;31;42.09
41;35;58.47
41;36;5.64
41;37;57.91
41;43;43.32
41;44;10.54
41;46;24.42
41;47;43.95
41;48;22.85
41;56;84.52
41;67;78.30
41;103;83.44
42;34;32.67
42;36;60.75
42;37;22.73
42;40;78.95
42;43;7.49
42;44;8.64
42;45;26.75
42;46;77.86
42;54;25.96
42;56;64.96
42;59;4.45
42;63;30.53
42;66;62.30
42;67;56.81
42;75;73.53
43;17;66.85
43;33;59.89
43;34;33.76
43;39;84.62
43;40;57.86
43;41;43.32
43;42;7.49
43;44;50.03
43;45;74.85
43;52;22.25
43;54;49.02
43;55;41.22
43;56;44.74
43;69;52.49
43;82;59.17
44;23;65.71
44;27;70.35
44;28;17.67
44;30;10.70
44;34;65.10
44;35;66.73
44;37;57.57
44;41;10.54
44;42;8.64
44;43;50.03
44;45;34.28
44;47;49.37
44;58;29.30
44;76;71.01
44;93;54.48
45;27;53.29
45;28;52.97
45;31;69.87
45;34;11.12
45;39;35.98
45;40;59.85
45;42;26.75
45;43;74.85
45;44;34.28
45;47;74.83
45;50;40.03
45;57;79.82
45;68;50.67
45;79;25.69
45;91;17.66
46;35;9.75
46;41;24.42
46;42;77.86
46;47;81.62
46;48;81.46
46;49;26.20
46;50;84.96
46;52;19.01
46;54;42.28
46;56;76.51
46;64;30.87
46;70;74.95
46;75;83.73
46;83;82.90
46;116;40.78
47;15;47.90
47;16;36.14
47;18;8.19
47;23;80.23
47;29;4.28
47;39;17.45
47;40;89.37
47;41;43.95
47;44;49.37
47;45;74.83
47;46;81.62
47;49;7.53
47;54;47.78
47;75;78.40
47;85;21.45
48;22;33.16
48;25;32.50
48;37;51.96
48;41;22.85
48;46;81.46
48;51;57.37
48;53;34.85
48;55;7.40
48;57;29.12
48;62;11.12
48;64;16.60
48;68;10.66
48;69;23.40
48;71;53.07
48;87;68.40
49;16;75.89
49;20;18.70
49;26;34.70
49;27;63.71
49;29;62.62
49;31;51.69
49;35;59.30
49;36;15.12
49;39;62.50
49;46;26.20
49;47;7.53
49;53;18.33
49;62;73.20
49;63;25.93
49;64;70.81
50;26;69.31
50;45;40.03
50;46;84.96
50;51;6.12
50;53;41.48
50;54;64.08
50;57;14.67
50;59;57.61
50;60;16.99
50;64;70.21
50;68;82.20
50;69;59.73
50;71;88.72
50;72;74.09
50;74;53.39
51;37;28.33
51;39;21.16
51;40;65.56
51;48;57.37
51;50;6.12
51;52;33.79
51;53;83.68
51;55;72.37
51;58;36.01
51;59;35.02
51;61;24.71
51;64;29.56
51;66;49.54
51;67;1.83
51;70;46.18
52;22;89.34
52;23;53.19
52;28;21.21
52;29;26.25
52;31;40.72
52;40;48.85
52;43;22.25
52;46;19.01
52;51;33.79
52;54;45.37
52;56;5.40
52;58;7.55
52;72;26.83
52;78;21.08
52;99;55.92
53;19;45.96
53;28;11.94
53;31;69.04
53;36;33.49
53;38;36.79
53;48;34.85
53;49;18.33
53;50;41.48
53;51;83.68
53;54;62.76
53;57;77.77
53;61;69.36
53;64;6.56
53;67;28.15
53;77;56.46
54;24;82.53
54;36;72.80
54;37;25.50
54;39;81.43
54;42;25.96
54;43;49.02
54;46;42.28
54;47;47.78
54;50;64.08
54;52;45.37
54;53;62.76
54;57;20.08
54;58;39.01
54;70;55.82
54;87;54.21
55;19;5.29
55;25;23.53
55;40;80.98
55;43;41.22
55;48;7.40
55;51;72.37
55;56;71.74
55;57;27.09
55;58;12.43
55;61;86.59
55;70;61.12
55;71;21.40
55;77;27.93
55;78;63.88
55;80;39.13
56;29;80.19
56;37;80.48
56;41;84.52
56;42;64.96
56;43;44.74
56;46;76.51
56;52;5.40
56;55;71.74
56;62;8.02
56;64;40.84
56;65;31.70
56;69;2.51
56;72;76.72
56;80;84.87
56;90;9.75
57;45;79.82
57;48;29.12
57;50;14.67
57;53;77.77
57;54;20.08
57;55;27.09
57;58;72.03
57;61;27.57
57;62;40.48
57;64;33.59
57;66;66.94
57;76;79.96
57;82;30.33
57;95;36.26
57;158;71.04
58;16;48.77
58;36;35.72
58;44;29.30
58;51;36.01
58;52;7.55
58;54;39.01
58;55;12.43
58;57;72.03
58;59;66.64
58;64;67.08
58;66;88.65
58;67;4.42
58;69;28.49
58;80;22.62
58;132;65.45
59;32;87.40
59;42;4.45
59;50;57.61
59;51;35.02
59;58;66.64
59;60;23.03
59;61;4.45
59;64;25.20
59;66;70.69
59;67;81.69
59;69;80.24
59;72;29.97
59;75;41.79
59;79;8.49
59;92;70.03
60;22;85.41
60;50;16.99
60;59;23.03
60;61;89.39
60;63;69.34
60;64;4.80
60;66;11.89
60;67;70.51
60;68;15.78
60;74;53.01
60;75;39.22
60;77;85.81
60;89;6.69
60;97;2.69
60;109;46.89
61;25;14.15
61;51;24.71
61;53;69.36
61;55;86.59
61;57;27.57
61;59;4.45
61;60;89.39
61;62;41.32
61;64;19.03
61;69;56.74
61;71;28.66
61;72;31.75
61;89;9.57
61;91;44.84
61;101;41.80
62;30;55.55
62;37;38.91
62;40;37.99
62;48;11.12
62;49;73.20
62;56;8.02
62;57;40.48
62;61;41.32
62;67;10.40
62;71;62.48
62;74;58.12
62;77;63.78
62;83;47.84
62;96;10.73
62;102;41.39
63;26;20.79
63;29;28.17
63;34;72.17
63;42;30.53
63;49;25.93
63;60;69.34
63;64;4.26
63;67;87.14
63;68;77.07
63;69;42.22
63;70;70.70
63;73;16.01
63;79;11.79
63;109;69.26
63;114;43.42
64;21;45.04
64;46;30.87
64;48;16.60
64;49;70.81
64;50;70.21
64;51;29.56
64;53;6.56
64;56;40.84
64;57;33.59
64;58;67.08
64;59;25.20
64;60;4.80
64;61;19.03
64;63;4.26
64;74;77.81
65;12;54.57
65;56;31.70
65;66;83.89
65;67;39.65
65;68;5.74
65;70;1.45
65;73;59.74
65;74;46.19
65;75;11.87
65;79;44.20
65;81;12.65
65;84;37.73
65;87;36.76
65;90;76.22
65;98;79.35
66;30;5.93
66;40;38.30
66;42;62.30
66;51;49.54
66;57;66.94
66;58;88.65
66;59;70.69
66;60;11.89
66;65;83.89
66;67;76.73
66;78;10.25
66;79;58.24
66;115;34.00
66;116;49.38
66;133;89.68
67;31;15.96
67;36;84.77
67;37;76.85
67;41;78.30
67;42;56.81
67;51;1.83
67;53;28.15
67;58;4.42
67;59;81.69
67;60;70.51
67;62;10.40
67;63;87.14
67;65;39.65
67;66;76.73
67;69;73.03
68;28;78.11
68;45;50.67
68;48;10.66
68;50;82.20
68;60;15.78
68;63;77.07
68;65;5.74
68;69;81.68
68;73;46.57
68;75;11.07
68;77;48.42
68;84;68.09
68;88;84.08
68;92;53.87
68;133;87.61
69;43;52.49
69;48;23.40
69;50;59.73
69;56;2.51
69;58;28.49
69;59;80.24
69;61;56.74
69;63;42.22
69;67;73.03
69;68;81.68
69;73;45.71
69;78;89.82
69;79;84.56
69;85;33.20
69;93;2.37
70;46;74.95
70;51;46.18
70;54;55.82
70;55;61.12
70;63;70.70
70;65;1.45
70;73;54.63
70;74;4.09
70;76;77.56
70;79;37.78
70;81;16.03
70;93;61.41
70;104;79.84
70;121;37.48
70;127;31.73
71;35;52.40
71;40;18.76
71;48;53.07
71;50;88.72
71;55;21.40
71;61;28.66
71;62;62.48
71;72;86.44
71;78;43.50
71;80;88.07
71;83;78.09
71;85;70.84
71;86;61.29
71;87;68.74
71;107;34.56
72;13;64.48
72;50;74.09
72;52;26.83
72;56;76.72
72;59;29.97
72;61;31.75
72;71;86.44
72;73;4.35
72;74;75.19
72;79;77.65
72;81;55.36
72;82;32.29
72;84;18.00
72;91;58.67
72;105;80.82
73;63;16.01
73;65;59.74
73;68;46.57
73;69;45.71
73;70;54.63
73;72;4.35
73;74;21.48
73;77;12.65
73;79;89.79
73;82;56.63
73;84;28.70
73;85;84.96
73;89;85.50
73;101;85.07
73;124;80.35
74;36;60.63
74;50;53.39
74;60;53.01
74;62;58.12
74;64;77.81
74;65;46.19
74;70;4.09
74;72;75.19
74;73;21.48
74;76;7.61
74;77;10.32
74;80;61.70
74;82;40.23
74;94;34.17
74;97;20.54
75;42;73.53
75;46;83.73
75;47;78.40
75;59;41.79
75;60;39.22
75;65;11.87
75;68;11.07
75;76;17.14
75;80;65.69
75;82;88.75
75;91;32.41
75;93;48.78
75;105;31.74
75;130;18.39
75;132;55.89
76;15;26.23
76;44;71.01
76;57;79.96
76;70;77.56
76;74;7.61
76;75;17.14
76;78;43.00
76;79;81.19
76;81;60.64
76;83;5.12
76;85;84.95
76;86;74.49
76;89;29.97
76;96;33.04
76;102;36.56
77;38;27.48
77;53;56.46
77;55;27.93
77;60;85.81
77;62;63.78
77;68;48.42
77;73;12.65
77;74;10.32
77;78;74.90
77;84;20.29
77;88;37.42
77;91;46.37
77;96;26.90
77;104;60.96
77;111;84.05
78;52;21.08
78;55;63.88
78;66;10.25
78;69;89.82
78;71;43.50
78;76;43.00
78;77;74.90
78;80;8.93
78;84;40.50
78;89;17.63
78;95;74.64
78;96;80.99
78;98;12.29
78;101;35.89
78;102;46.56
79;45;25.69
79;59;8.49
79;63;11.79
79;65;44.20
79;66;58.24
79;69;84.56
79;70;37.78
79;72;77.65
79;73;89.79
79;76;81.19
79;84;87.42
79;85;85.35
79;89;78.52
79;95;13.53
79;96;11.99
80;55;39.13
80;56;84.87
80;58;22.62
80;71;88.07
80;74;61.70
80;75;65.69
80;78;8.93
80;81;16.84
80;82;34.92
80;83;30.76
80;86;33.20
80;91;34.80
80;101;51.02
80;102;75.36
80;104;85.16
81;33;35.68
81;65;12.65
81;70;16.03
81;72;55.36
81;76;60.64
81;80;16.84
81;82;68.37
81;84;12.19
81;85;89.05
81;87;89.31
81;89;44.34
81;93;3.88
81;94;21.79
81;101;56.90
81;114;75.65
82;43;59.17
82;57;30.33
82;72;32.29
82;73;56.63
82;74;40.23
82;75;88.75
82;80;34.92
82;81;68.37
82;83;16.64
82;86;76.09
82;87;77.65
82;90;64.51
82;93;59.76
82;109;3.41
82;111;49.67
83;46;82.90
83;62;47.84
83;71;78.09
83;76;5.12
83;80;30.76
83;82;16.64
83;84;32.17
83;85;75.61
83;86;8.39
83;87;4.85
83;91;30.69
83;96;80.41
83;104;68.17
83;112;37.96
83;133;64.71
84;65;37.73
84;68;68.09
84;72;18.00
84;73;28.70
84;77;20.29
84;78;40.50
84;79;87.42
84;81;12.19
84;83;32.17
84;87;80.96
84;94;8.68
84;95;30.51
84;103;2.07
84;118;88.91
84;124;7.10
85;47;21.45
85;69;33.20
85;71;70.84
85;73;84.96
85;76;84.95
85;79;85.35
85;81;89.05
85;83;75.61
85;89;12.20
85;90;7.27
85;91;39.55
85;92;10.66
85;97;75.85
85;114;30.60
85;186;21.71
86;71;61.29
86;76;74.49
86;80;33.20
86;82;76.09
86;83;8.39
86;87;80.06
86;89;42.11
86;90;71.88
86;91;4.27
86;94;44.99
86;95;86.01
86;96;7.60
86;102;7.02
86;121;71.45
86;139;17.41
87;48;68.40
87;54;54.21
87;65;36.76
87;71;68.74
87;81;89.31
87;82;77.65
87;83;4.85
87;84;80.96
87;86;80.06
87;90;27.60
87;91;3.07
87;92;80.54
87;99;22.46
87;105;25.31
87;110;73.87
88;68;84.08
88;77;37.42
88;89;22.07
88;90;22.97
88;92;16.73
88;95;38.60
88;96;19.15
88;97;20.18
88;101;32.68
88;104;87.76
88;106;42.52
88;111;13.72
88;113;18.80
88;129;75.33
88;131;19.64
89;60;6.69
89;61;9.57
89;73;85.50
89;76;29.97
89;78;17.63
89;79;78.52
89;81;44.34
89;85;12.20
89;86;42.11
89;88;22.07
89;96;8.74
89;97;79.10
89;99;18.91
89;105;17.91
89;106;57.97
90;56;9.75
90;65;76.22
90;82;64.51
90;85;7.27
90;86;71.88
90;87;27.60
90;88;22.97
90;95;68.23
90;97;42.44
90;98;13.75
90;101;77.30
90;103;58.79
90;110;48.31
90;117;35.81
90;135;36.92
91;24;62.88
91;45;17.66
91;61;44.84
91;72;58.67
91;75;32.41
91;77;46.37
91;80;34.80
91;83;30.69
91;85;39.55
91;86;4.27
91;87;3.07
91;92;60.35
91;93;80.79
91;109;58.03
91;113;37.19
92;59;70.03
92;68;53.87
92;85;10.66
92;87;80.54
92;88;16.73
92;91;60.35
92;93;27.22
92;94;39.26
92;97;77.54
92;98;24.55
92;99;50.43
92;102;38.61
92;132;73.26
92;135;40.62
92;168;46.72
93;44;54.48
93;69;2.37
93;70;61.41
93;75;48.78
93;81;3.88
93;82;59.76
93;91;80.79
93;92;27.22
93;95;60.01
93;99;27.39
93;100;13.10
93;104;13.88
93;107;1.93
93;110;36.57
93;126;41.69
94;74;34.17
94;81;21.79
94;84;8.68
94;86;44.99
94;92;39.26
94;95;54.06
94;96;16.69
94;98;8.29
94;100;74.94
94;102;16.57
94;104;18.81
94;108;23.46
94;113;2.68
94;120;86.73
94;150;37.72
95;40;45.61
95;57;36.26
95;78;74.64
95;79;13.53
95;84;30.51
95;86;86.01
95;88;38.60
95;90;68.23
95;93;60.01
95;94;54.06
95;99;7.09
95;104;26.40
95;110;75.25
95;122;46.78
95;132;52.53
96;62;10.73
96;76;33.04
96;77;26.90
96;78;80.99
96;79;11.99
96;83;80.41
96;86;7.60
96;88;19.15
96;89;8.74
96;94;16.69
96;97;11.39
96;102;70.23
96;107;69.27
96;115;88.38
96;122;84.98
97;60;2.69
97;74;20.54
97;85;75.85
97;88;20.18
97;89;79.10
97;90;42.44
97;92;77.54
97;96;11.39
97;99;78.21
97;102;18.28
97;103;64.34
97;112;31.89
97;116;81.64
97;117;11.52
97;128;26.51
98;65;79.35
98;78;12.29
98;90;13.75
98;92;24.55
98;94;8.29
98;99;28.02
98;100;69.85
98;101;29.80
98;102;32.01
98;115;12.09
98;119;69.01
98;124;56.82
98;132;55.38
98;134;79.55
98;138;67.78
99;52;55.92
99;87;22.46
99;89;18.91
99;92;50.43
99;93;27.39
99;95;7.09
99;97;78.21
99;98;28.02
99;103;60.08
99;104;45.16
99;109;25.80
99;118;75.70
99;129;23.03
99;140;8.00
99;147;10.17
100;93;13.10
100;94;74.94
100;98;69.85
100;101;27.55
100;102;68.68
100;103;53.63
100;105;60.47
100;106;82.55
100;107;57.42
100;108;13.99
100;116;77.01
100;119;58.17
100;122;13.54
100;124;46.89
100;126;62.49
101;61;41.80
101;73;85.07
101;78;35.89
101;80;51.02
101;81;56.90
101;88;32.68
101;90;77.30
101;98;29.80
101;100;27.55
101;104;27.40
101;107;36.17
101;122;71.45
101;129;66.19
101;137;35.00
101;144;60.55
102;35;74.36
102;62;41.39
102;76;36.56
102;78;46.56
102;80;75.36
102;86;7.02
102;92;38.61
102;94;16.57
102;96;70.23
102;97;18.28
102;98;32.01
102;100;68.68
102;107;44.00
102;121;73.86
102;154;49.53
103;41;83.44
103;84;2.07
103;90;58.79
103;97;64.34
103;99;60.08
103;100;53.63
103;104;79.32
103;106;14.88
103;112;20.26
103;118;3.73
103;126;34.26
103;129;2.83
103;132;48.74
103;133;49.96
103;145;84.48
104;70;79.84
104;77;60.96
104;80;85.16
104;83;68.17
104;88;87.76
104;93;13.88
104;94;18.81
104;95;26.40
104;99;45.16
104;101;27.40
104;103;79.32
104;116;88.16
104;118;25.60
104;121;32.50
104;149;29.00
105;72;80.82
105;75;31.74
105;87;25.31
105;89;17.91
105;100;60.47
105;106;46.51
105;110;28.88
105;111;83.61
105;113;31.95
105;127;39.75
105;128;16.82
105;129;60.29
105;131;28.33
105;134;3.68
105;142;44.32
106;88;42.52
106;89;57.97
106;100;82.55
106;103;14.88
106;105;46.51
106;107;6.91
106;108;76.83
106;109;19.42
106;110;43.42
106;114;45.24
106;118;51.50
106;121;39.81
106;123;17.54
106;128;30.23
106;191;89.40
107;71;34.56
107;93;1.93
107;96;69.27
107;100;57.42
107;101;36.17
107;102;44.00
107;106;6.91
107;110;81.49
107;111;42.53
107;114;26.59
107;120;54.14
107;126;85.67
107;129;61.05
107;147;20.25
107;170;17.82
108;22;79.34
108;94;23.46
108;100;13.99
108;106;76.83
108;109;16.20
108;111;52.30
108;112;3.16
108;113;78.72
108;116;62.74
108;117;67.29
108;118;47.25
108;121;66.89
108;146;7.62
108;155;43.27
108;173;87.78
109;60;46.89
109;63;69.26
109;82;3.41
109;91;58.03
109;99;25.80
109;106;19.42
109;108;16.20
109;112;15.25
109;115;80.22
109;116;3.98
109;117;66.71
109;120;64.46
109;127;57.51
109;130;79.95
109;148;84.07
110;87;73.87
110;90;48.31
110;93;36.57
110;95;75.25
110;105;28.88
110;106;43.42
110;107;81.49
110;112;46.24
110;114;66.85
110;116;36.54
110;120;28.97
110;121;79.73
110;130;52.69
110;133;34.24
110;170;57.30
111;77;84.05
111;82;49.67
111;88;13.72
111;105;83.61
111;107;42.53
111;108;52.30
111;112;24.05
111;113;14.64
111;114;66.25
111;117;41.62
111;120;18.57
111;121;62.01
111;122;52.48
111;136;22.49
111;141;56.07
112;83;37.96
112;97;31.89
112;103;20.26
112;108;3.16
112;109;15.25
112;110;46.24
112;111;24.05
112;114;75.39
112;117;75.04
112;121;53.99
112;122;37.38
112;125;26.08
112;129;63.36
112;136;9.78
112;175;56.37
113;88;18.80
113;91;37.19
113;94;2.68
113;105;31.95
113;108;78.72
113;111;14.64
113;114;40.39
113;117;20.25
113;119;67.88
113;120;79.50
113;124;72.11
113;126;17.92
113;142;9.75
113;144;49.65
113;169;69.92
114;63;43.42
114;81;75.65
114;85;30.60
114;106;45.24
114;107;26.59
114;110;66.85
114;111;66.25
114;112;75.39
114;113;40.39
114;115;2.79
114;122;32.37
114;123;63.86
114;124;38.70
114;125;83.21
114;136;35.39
115;66;34.00
115;96;88.38
115;98;12.09
115;109;80.22
115;114;2.79
115;116;9.85
115;118;22.27
115;119;30.36
115;120;26.47
115;123;53.52
115;124;21.38
115;125;33.66
115;130;25.70
115;140;84.61
115;171;5.36
116;46;40.78
116;66;49.38
116;97;81.64
116;100;77.01
116;104;88.16
116;108;62.74
116;109;3.98
116;110;36.54
116;115;9.85
116;117;54.83
116;119;20.72
116;124;20.30
116;135;34.17
116;143;42.99
116;152;50.20
117;90;35.81
117;97;11.52
117;108;67.29
117;109;66.71
117;111;41.62
117;112;75.04
117;113;20.25
117;116;54.83
117;119;32.38
117;120;79.34
117;121;5.90
117;124;44.20
117;129;1.55
117;130;19.58
117;149;29.19
118;84;88.91
118;99;75.70
118;103;3.73
118;104;25.60
118;106;51.50
118;108;47.25
118;115;22.27
118;119;49.80
118;120;14.03
118;122;86.68
118;126;10.51
118;130;3.54
118;137;42.93
118;139;37.77
118;171;67.12
119;98;69.01
119;100;58.17
119;113;67.88
119;115;30.36
119;116;20.72
119;117;32.38
119;118;49.80
119;121;62.95
119;123;8.16
119;130;74.64
119;133;30.84
119;134;24.84
119;140;55.56
119;144;42.77
119;150;44.58
120;94;86.73
120;107;54.14
120;109;64.46
120;110;28.97
120;111;18.57
120;113;79.50
120;115;26.47
120;117;79.34
120;118;14.03
120;124;38.80
120;129;36.49
120;137;17.00
120;148;44.68
120;150;75.51
120;158;5.07
121;70;37.48
121;86;71.45
121;102;73.86
121;104;32.50
121;106;39.81
121;108;66.89
121;110;79.73
121;111;62.01
121;112;53.99
121;117;5.90
121;119;62.95
121;125;10.94
121;134;52.88
121;137;52.88
121;169;25.96
122;95;46.78
122;96;84.98
122;100;13.54
122;101;71.45
122;111;52.48
122;112;37.38
122;114;32.37
122;118;86.68
122;123;56.66
122;124;45.62
122;125;48.60
122;127;71.29
122;129;52.21
122;139;88.40
122;144;71.69
123;106;17.54
123;114;63.86
123;115;53.52
123;119;8.16
123;122;56.66
123;124;25.55
123;126;20.38
123;129;52.32
123;130;1.05
123;132;83.66
123;138;67.64
123;140;66.58
123;142;36.92
123;146;4.89
123;164;5.69
124;73;80.35
124;84;7.10
124;98;56.82
124;100;46.89
124;113;72.11
124;114;38.70
124;115;21.38
124;116;20.30
124;117;44.20
124;120;38.80
124;122;45.62
124;123;25.55
124;125;71.71
124;126;81.96
124;141;51.66
125;112;26.08
125;114;83.21
125;115;33.66
125;121;10.94
125;122;48.60
125;124;71.71
125;126;52.35
125;127;15.34
125;128;83.41
125;129;86.07
125;131;34.94
125;141;72.11
125;146;64.75
125;148;71.75
125;155;29.05
126;93;41.69
126;100;62.49
126;103;34.26
126;107;85.67
126;113;17.92
126;118;10.51
126;123;20.38
126;124;81.96
126;125;52.35
126;128;69.86
126;133;14.98
126;144;35.41
126;150;86.79
126;158;44.35
126;160;21.82
127;70;31.73
127;105;39.75
127;109;57.51
127;122;71.29
127;125;15.34
127;130;50.55
127;132;43.44
127;134;2.23
127;135;32.75
127;137;67.94
127;139;57.79
127;140;73.50
127;144;53.18
127;154;62.53
127;157;52.33
128;97;26.51
128;105;16.82
128;106;30.23
128;125;83.41
128;126;69.86
128;129;88.49
128;130;15.60
128;132;55.92
128;133;29.76
128;138;9.95
128;142;29.06
128;143;46.16
128;156;2.38
128;175;64.84
128;185;14.91
129;88;75.33
129;99;23.03
129;101;66.19
129;103;2.83
129;105;60.29
129;107;61.05
129;112;63.36
129;117;1.55
129;120;36.49
129;122;52.21
129;123;52.32
129;125;86.07
129;128;88.49
129;138;39.68
129;157;84.17
130;75;18.39
130;109;79.95
130;110;52.69
130;115;25.70
130;117;19.58
130;118;3.54
130;119;74.64
130;123;1.05
130;127;50.55
130;128;15.60
130;131;41.61
130;132;61.48
130;136;57.35
130;142;63.62
130;191;67.30
131;88;19.64
131;105;28.33
131;125;34.94
131;130;41.61
131;132;19.64
131;133;66.48
131;134;83.66
131;135;20.74
131;136;39.33
131;138;6.79
131;151;25.21
131;160;83.97
131;165;7.44
131;167;75.39
131;185;41.46
132;58;65.45
132;75;55.89
132;92;73.26
132;95;52.53
132;98;55.38
132;103;48.74
132;123;83.66
132;127;43.44
132;128;55.92
132;130;61.48
132;131;19.64
132;133;48.65
132;134;54.39
132;138;55.26
132;163;87.11
133;66;89.68
133;68;87.61
133;83;64.71
133;103;49.96
133;110;34.24
133;119;30.84
133;126;14.98
133;128;29.76
133;131;66.48
133;132;48.65
133;136;78.63
133;143;73.43
133;150;34.16
133;159;30.36
133;169;38.08
134;98;79.55
134;105;3.68
134;119;24.84
134;121;52.88
134;127;2.23
134;131;83.66
134;132;54.39
134;136;8.39
134;139;15.28
134;142;52.71
134;144;29.44
134;147;5.71
134;150;22.67
134;151;29.41
134;175;89.29
135;90;36.92
135;92;40.62
135;116;34.17
135;127;32.75
135;131;20.74
135;137;6.03
135;139;45.49
135;140;1.40
135;142;38.87
135;143;12.85
135;147;68.52
135;148;39.62
135;156;66.95
135;157;46.52
135;158;51.71
136;111;22.49
136;112;9.78
136;114;35.39
136;130;57.35
136;131;39.33
136;133;78.63
136;134;8.39
136;137;24.74
136;142;70.28
136;143;58.77
136;146;7.76
136;147;21.19
136;154;80.42
136;156;40.09
136;168;36.54
137;101;35.00
137;118;42.93
137;120;17.00
137;121;52.88
137;127;67.94
137;135;6.03
137;136;24.74
137;139;13.80
137;140;45.55
137;144;88.97
137;146;21.75
137;148;28.20
137;156;32.13
137;157;41.56
137;161;12.92
138;98;67.78
138;123;67.64
138;128;9.95
138;129;39.68
138;131;6.79
138;132;55.26
138;142;62.64
138;143;81.86
138;145;71.84
138;149;31.75
138;152;48.70
138;153;69.89
138;154;80.86
138;163;77.16
138;179;28.10
139;86;17.41
139;118;37.77
139;122;88.40
139;127;57.79
139;134;15.28
139;135;45.49
139;137;13.80
139;141;44.51
139;142;47.58
139;149;70.84
139;150;59.56
139;153;63.62
139;157;61.08
139;159;13.16
139;166;12.41
140;99;8.00
140;115;84.61
140;119;55.56
140;123;66.58
140;127;73.50
140;135;1.40
140;137;45.55
140;142;18.23
140;145;43.02
140;147;37.00
140;151;26.71
140;155;75.66
140;156;38.58
140;157;46.94
140;188;86.19
141;111;56.07
141;124;51.66
141;125;72.11
141;139;44.51
141;143;28.62
141;144;89.22
141;146;12.56
141;149;48.49
141;153;78.68
141;155;65.05
141;156;31.66
141;161;83.94
141;165;37.36
141;171;66.78
141;228;43.53
142;105;44.32
142;113;9.75
142;123;36.92
142;128;29.06
142;130;63.62
142;134;52.71
142;135;38.87
142;136;70.28
142;138;62.64
142;139;47.58
142;140;18.23
142;143;61.23
142;149;44.93
142;150;39.67
142;161;61.82
143;116;42.99
143;128;46.16
143;133;73.43
143;135;12.85
143;136;58.77
143;138;81.86
143;141;28.62
143;142;61.23
143;144;59.07
143;145;11.62
143;146;16.20
143;149;74.33
143;150;61.37
143;153;40.15
143;158;41.72
144;101;60.55
144;113;49.65
144;119;42.77
144;122;71.69
144;126;35.41
144;127;53.18
144;134;29.44
144;137;88.97
144;141;89.22
144;143;59.07
144;147;19.28
144;148;49.98
144;149;67.63
144;154;59.65
144;181;43.81
145;103;84.48
145;138;71.84
145;140;43.02
145;143;11.62
145;147;40.70
145;149;66.68
145;151;34.31
145;153;26.17
145;154;55.87
145;159;88.42
145;164;82.08
145;168;81.95
145;176;10.44
145;184;45.33
145;191;77.03
146;108;7.62
146;123;4.89
146;125;64.75
146;136;7.76
146;137;21.75
146;141;12.56
146;143;16.20
146;148;64.05
146;150;75.21
146;152;17.17
146;155;53.57
146;157;56.33
146;178;67.45
146;186;81.16
146;194;71.79
147;99;10.17
147;107;20.25
147;134;5.71
147;135;68.52
147;136;21.19
147;140;37.00
147;144;19.28
147;145;40.70
147;148;66.79
147;154;82.13
147;157;3.59
147;164;28.12
147;167;54.30
147;169;32.56
147;215;23.22
148;109;84.07
148;120;44.68
148;125;71.75
148;135;39.62
148;137;28.20
148;144;49.98
148;146;64.05
148;147;66.79
148;150;46.09
148;152;36.91
148;154;16.02
148;159;47.52
148;174;33.57
148;182;26.63
148;183;82.96
149;104;29.00
149;117;29.19
149;138;31.75
149;139;70.84
149;141;48.49
149;142;44.93
149;143;74.33
149;144;67.63
149;145;66.68
149;151;20.85
149;157;42.36
149;158;24.53
149;165;60.18
149;167;52.33
149;190;89.18
150;94;37.72
150;119;44.58
150;120;75.51
150;126;86.79
150;133;34.16
150;134;22.67
150;139;59.56
150;142;39.67
150;143;61.37
150;146;75.21
150;148;46.09
150;152;44.76
150;153;84.08
150;159;63.27
150;167;39.38
151;131;25.21
151;134;29.41
151;140;26.71
151;145;34.31
151;149;20.85
151;154;8.15
151;155;83.41
151;156;66.10
151;158;76.08
151;159;65.21
151;160;66.40
151;170;71.29
151;177;86.76
151;187;5.78
151;193;77.72
152;116;50.20
152;138;48.70
152;146;17.17
152;148;36.91
152;150;44.76
152;153;65.53
152;154;8.66
152;158;74.67
152;159;42.18
152;164;85.51
152;166;54.91
152;171;55.23
152;173;65.58
152;180;83.99
152;236;31.54
153;138;69.89
153;139;63.62
153;141;78.68
153;143;40.15
153;145;26.17
153;150;84.08
153;152;65.53
153;154;87.75
153;155;49.93
153;156;28.43
153;157;27.20
153;159;80.60
153;161;19.49
153;167;83.40
153;176;22.83
154;102;49.53
154;127;62.53
154;136;80.42
154;138;80.86
154;144;59.65
154;145;55.87
154;147;82.13
154;148;16.02
154;151;8.15
154;152;8.66
154;153;87.75
154;157;25.53
154;160;1.27
154;172;53.19
154;190;69.05
155;108;43.27
155;125;29.05
155;140;75.66
155;141;65.05
155;146;53.57
155;151;83.41
155;153;49.93
155;157;40.24
155;158;2.68
155;159;59.53
155;163;41.64
155;167;59.30
155;171;84.32
155;172;21.89
155;194;89.18
156;128;2.38
156;135;66.95
156;136;40.09
156;137;32.13
156;140;38.58
156;141;31.66
156;151;66.10
156;153;28.43
156;159;61.74
156;160;50.25
156;161;3.18
156;162;32.20
156;168;68.24
156;174;7.95
156;175;60.75
157;127;52.33
157;129;84.17
157;135;46.52
157;137;41.56
157;139;61.08
157;140;46.94
157;146;56.33
157;147;3.59
157;149;42.36
157;153;27.20
157;154;25.53
157;155;40.24
157;159;85.44
157;169;24.67
157;188;44.16
158;57;71.04
158;120;5.07
158;126;44.35
158;135;51.71
158;143;41.72
158;149;24.53
158;151;76.08
158;152;74.67
158;155;2.68
158;160;73.23
158;163;66.91
158;165;85.78
158;170;21.36
158;176;67.62
158;203;21.63
159;133;30.36
159;139;13.16
159;145;88.42
159;148;47.52
159;150;63.27
159;151;65.21
159;152;42.18
159;153;80.60
159;155;59.53
159;156;61.74
159;157;85.44
159;163;32.23
159;164;35.69
159;167;25.40
159;187;30.32
160;126;21.82
160;131;83.97
160;151;66.40
160;154;1.27
160;156;50.25
160;158;73.23
160;163;72.01
160;164;79.97
160;165;74.41
160;169;28.52
160;170;30.92
160;172;67.40
160;183;77.51
160;196;70.86
160;197;41.37
161;137;12.92
161;141;83.94
161;142;61.82
161;153;19.49
161;156;3.18
161;162;47.50
161;163;7.61
161;165;41.87
161;169;63.96
161;172;81.77
161;173;74.21
161;181;54.59
161;183;84.39
161;187;19.73
161;202;81.96
162;156;32.20
162;161;47.50
162;163;60.11
162;164;85.06
162;165;80.88
162;166;66.76
162;167;15.55
162;168;22.32
162;169;55.34
162;170;58.89
162;183;1.04
162;186;61.74
162;196;11.94
162;197;16.25
162;203;59.46
163;132;87.11
163;138;77.16
163;155;41.64
163;158;66.91
163;159;32.23
163;160;72.01
163;161;7.61
163;162;60.11
163;165;57.91
163;167;45.81
163;168;73.27
163;175;28.66
163;191;51.35
163;203;32.54
163;207;89.21
164;123;5.69
164;145;82.08
164;147;28.12
164;152;85.51
164;159;35.69
164;160;79.97
164;162;85.06
164;165;68.68
164;167;69.60
164;168;33.35
164;169;58.63
164;170;18.18
164;177;44.41
164;187;51.80
164;191;10.66
165;131;7.44
165;141;37.36
165;149;60.18
165;158;85.78
165;160;74.41
165;161;41.87
165;162;80.88
165;163;57.91
165;164;68.68
165;167;23.75
165;170;24.91
165;174;62.10
165;175;73.96
165;181;53.50
165;195;15.02
166;139;12.41
166;152;54.91
166;162;66.76
166;167;46.90
166;168;56.06
166;170;88.07
166;171;5.92
166;172;5.44
166;173;30.56
166;177;46.89
166;179;17.39
166;181;6.67
166;184;55.56
166;200;69.30
166;244;52.90
167;131;75.39
167;147;54.30
167;149;52.33
167;150;39.38
167;153;83.40
167;155;59.30
167;159;25.40
167;162;15.55
167;163;45.81
167;164;69.60
167;165;23.75
167;166;46.90
167;172;11.85
167;192;9.76
167;203;63.78
168;92;46.72
168;136;36.54
168;145;81.95
168;156;68.24
168;162;22.32
168;163;73.27
168;164;33.35
168;166;56.06
168;169;11.77
168;170;67.17
168;171;15.57
168;173;29.73
168;179;54.66
168;195;9.75
168;207;70.37
169;113;69.92
169;121;25.96
169;133;38.08
169;147;32.56
169;157;24.67
169;160;28.52
169;161;63.96
169;162;55.34
169;164;58.63
169;168;11.77
169;173;20.63
169;184;15.31
169;188;2.50
169;194;21.68
169;200;12.63
170;107;17.82
170;110;57.30
170;151;71.29
170;158;21.36
170;160;30.92
170;162;58.89
170;164;18.18
170;165;24.91
170;166;88.07
170;168;67.17
170;171;25.13
170;177;26.34
170;184;69.12
170;185;27.45
170;205;38.60
171;115;5.36
171;118;67.12
171;141;66.78
171;152;55.23
171;155;84.32
171;166;5.92
171;168;15.57
171;170;25.13
171;172;15.17
171;173;46.29
171;177;78.26
171;178;60.19
171;193;72.25
171;196;39.60
171;201;87.48
172;154;53.19
172;155;21.89
172;160;67.40
172;161;81.77
172;166;5.44
172;167;11.85
172;171;15.17
172;173;3.06
172;174;75.83
172;176;39.51
172;177;85.16
172;178;2.80
172;179;56.59
172;184;6.40
172;187;24.88
173;108;87.78
173;152;65.58
173;161;74.21
173;166;30.56
173;168;29.73
173;169;20.63
173;171;46.29
173;172;3.06
173;174;34.28
173;177;68.30
173;178;81.24
173;187;9.89
173;195;24.00
173;200;41.66
173;204;2.38
174;148;33.57
174;156;7.95
174;165;62.10
174;172;75.83
174;173;34.28
174;175;88.74
174;176;35.96
174;177;81.00
174;181;38.51
174;189;18.27
174;192;56.28
174;195;11.53
174;202;11.38
174;204;33.53
174;211;52.21
175;112;56.37
175;128;64.84
175;134;89.29
175;156;60.75
175;163;28.66
175;165;73.96
175;174;88.74
175;176;30.29
175;178;63.35
175;179;57.81
175;180;43.30
175;182;42.08
175;187;25.72
175;192;16.85
175;203;11.27
176;145;10.44
176;153;22.83
176;158;67.62
176;172;39.51
176;174;35.96
176;175;30.29
176;177;48.40
176;179;84.94
176;180;8.93
176;181;55.14
176;183;2.30
176;187;74.36
176;199;2.25
176;200;46.88
176;210;64.95
177;151;86.76
177;164;44.41
177;166;46.89
177;170;26.34
177;171;78.26
177;172;85.16
177;173;68.30
177;174;81.00
177;176;48.40
177;179;31.72
177;181;31.15
177;184;52.43
177;202;74.97
177;207;10.61
177;240;73.18
178;146;67.45
178;171;60.19
178;172;2.80
178;173;81.24
178;175;63.35
178;179;34.86
178;180;59.06
178;181;49.69
178;183;50.26
178;184;84.11
178;189;24.99
178;191;27.52
178;192;81.68
178;194;30.74
178;200;78.75
179;138;28.10
179;166;17.39
179;168;54.66
179;172;56.59
179;175;57.81
179;176;84.94
179;177;31.72
179;178;34.86
179;181;5.19
179;187;25.25
179;194;34.65
179;196;60.90
179;206;43.69
179;209;14.13
179;218;23.32
180;152;83.99
180;175;43.30
180;176;8.93
180;178;59.06
180;181;36.14
180;182;74.72
180;183;74.55
180;184;16.87
180;185;16.51
180;187;39.90
180;188;76.23
180;197;22.70
180;203;21.44
180;204;63.76
180;229;8.64
181;144;43.81
181;161;54.59
181;165;53.50
181;166;6.67
181;174;38.51
181;176;55.14
181;177;31.15
181;178;49.69
181;179;5.19
181;180;36.14
181;182;36.89
181;187;9.56
181;192;67.78
181;200;55.12
181;240;10.04
182;148;26.63
182;175;42.08
182;180;74.72
182;181;36.89
182;183;31.92
182;184;13.55
182;186;63.32
182;187;71.77
182;188;60.91
182;189;8.64
182;190;31.16
182;191;10.98
182;192;81.37
182;196;49.30
182;216;22.17
183;148;82.96
183;160;77.51
183;161;84.39
183;162;1.04
183;176;2.30
183;178;50.26
183;180;74.55
183;182;31.92
183;185;31.76
183;186;6.60
183;188;72.90
183;194;83.92
183;203;42.83
183;204;75.58
183;206;26.33
184;145;45.33
184;166;55.56
184;169;15.31
184;170;69.12
184;172;6.40
184;177;52.43
184;178;84.11
184;180;16.87
184;182;13.55
184;187;79.78
184;191;80.35
184;195;78.82
184;206;26.91
184;208;41.28
184;221;63.60
185;128;14.91
185;131;41.46
185;170;27.45
185;180;16.51
185;183;31.76
185;186;18.98
185;187;87.07
185;188;55.99
185;189;27.54
185;190;61.69
185;193;51.16
185;198;75.80
185;202;73.59
185;210;71.47
185;212;59.95
186;85;21.71
186;146;81.16
186;162;61.74
186;182;63.32
186;183;6.60
186;185;18.98
186;187;1.26
186;192;4.90
186;194;23.31
186;195;14.96
186;196;37.70
186;200;8.25
186;207;85.95
186;210;14.57
186;213;4.64
187;151;5.78
187;159;30.32
187;161;19.73
187;164;51.80
187;172;24.88
187;173;9.89
187;175;25.72
187;176;74.36
187;179;25.25
187;180;39.90
187;181;9.56
187;182;71.77
187;184;79.78
187;185;87.07
187;186;1.26
188;140;86.19
188;157;44.16
188;169;2.50
188;180;76.23
188;182;60.91
188;183;72.90
188;185;55.99
188;189;25.48
188;190;40.44
188;191;27.20
188;195;64.08
188;197;62.38
188;198;59.27
188;207;37.74
188;211;64.22
189;174;18.27
189;178;24.99
189;182;8.64
189;185;27.54
189;188;25.48
189;190;58.62
189;191;3.91
189;192;71.90
189;193;42.26
189;194;60.85
189;197;14.47
189;207;76.21
189;215;11.93
189;234;47.04
189;248;80.55
190;149;89.18
190;154;69.05
190;182;31.16
190;185;61.69
190;188;40.44
190;189;58.62
190;191;30.45
190;193;66.45
190;194;73.58
190;195;79.56
190;196;2.24
190;205;41.07
190;215;28.02
190;216;27.12
190;228;79.76
191;106;89.40
191;130;67.30
191;145;77.03
191;163;51.35
191;164;10.66
191;178;27.52
191;182;10.98
191;184;80.35
191;188;27.20
191;189;3.91
191;190;30.45
191;192;43.95
191;198;44.33
191;204;37.24
191;221;80.28
192;167;9.76
192;174;56.28
192;175;16.85
192;178;81.68
192;181;67.78
192;182;81.37
192;186;4.90
192;189;71.90
192;191;43.95
192;193;3.98
192;194;8.44
192;197;23.77
192;198;53.94
192;200;11.72
192;214;52.52
193;151;77.72
193;171;72.25
193;185;51.16
193;189;42.26
193;190;66.45
193;192;3.98
193;196;45.29
193;197;77.49
193;201;30.60
193;202;66.85
193;206;20.86
193;216;28.05
193;230;76.02
193;232;1.24
193;256;66.56
194;146;71.79
194;155;89.18
194;169;21.68
194;178;30.74
194;179;34.65
194;183;83.92
194;186;23.31
194;189;60.85
194;190;73.58
194;192;8.44
194;195;88.75
194;196;57.06
194;199;21.13
194;205;44.14
194;210;43.99
195;165;15.02
195;168;9.75
195;173;24.00
195;174;11.53
195;184;78.82
195;186;14.96
195;188;64.08
195;190;79.56
195;194;88.75
195;198;67.36
195;201;39.10
195;206;19.69
195;209;28.48
195;213;58.32
195;228;69.18
196;160;70.86
196;162;11.94
196;171;39.60
196;179;60.90
196;182;49.30
196;186;37.70
196;190;2.24
196;193;45.29
196;194;57.06
196;199;9.65
196;201;35.71
196;204;4.13
196;206;19.57
196;227;14.13
196;238;14.39
197;160;41.37
197;162;16.25
197;180;22.70
197;188;62.38
197;189;14.47
197;192;23.77
197;193;77.49
197;200;42.62
197;202;5.68
197;205;25.00
197;206;54.33
197;211;77.42
197;217;61.96
197;229;55.03
197;241;64.04
198;185;75.80
198;188;59.27
198;191;44.33
198;192;53.94
198;195;67.36
198;200;44.27
198;203;69.13
198;204;39.63
198;205;25.63
198;206;49.13
198;208;28.31
198;212;49.98
198;213;38.70
198;221;17.99
198;223;87.42
199;176;2.25
199;194;21.13
199;196;9.65
199;200;43.34
199;203;75.23
199;204;24.26
199;205;24.60
199;209;81.85
199;215;79.94
199;216;4.83
199;219;20.73
199;223;76.24
199;231;75.37
199;232;41.93
199;245;52.31
200;166;69.30
200;169;12.63
200;173;41.66
200;176;46.88
200;178;78.75
200;181;55.12
200;186;8.25
200;192;11.72
200;197;42.62
200;198;44.27
200;199;43.34
200;208;44.07
200;211;26.12
200;224;72.39
200;228;38.62
201;171;87.48
201;193;30.60
201;195;39.10
201;196;35.71
201;202;47.83
201;203;26.98
201;205;45.69
201;206;73.05
201;208;71.11
201;210;56.40
201;211;87.97
201;212;70.41
201;213;7.88
201;216;64.63
201;221;35.97
202;161;81.96
202;174;11.38
202;177;74.97
202;185;73.59
202;193;66.85
202;197;5.68
202;201;47.83
202;203;80.86
202;206;15.07
202;208;26.15
202;209;28.62
202;211;36.43
202;216;21.27
202;218;51.40
202;252;51.90
203;158;21.63
203;162;59.46
203;163;32.54
203;167;63.78
203;175;11.27
203;180;21.44
203;183;42.83
203;198;69.13
203;199;75.23
203;201;26.98
203;202;80.86
203;205;65.49
203;207;68.65
203;216;52.82
203;217;41.51
204;173;2.38
204;174;33.53
204;180;63.76
204;183;75.58
204;191;37.24
204;196;4.13
204;198;39.63
204;199;24.26
204;208;31.57
204;214;67.12
204;216;87.88
204;217;7.76
204;218;39.54
204;227;28.77
204;245;38.68
205;170;38.60
205;190;41.07
205;194;44.14
205;197;25.00
205;198;25.63
205;199;24.60
205;201;45.69
205;203;65.49
205;206;23.94
205;210;22.24
205;211;48.70
205;212;77.73
205;219;54.76
205;225;57.46
205;231;57.71
206;179;43.69
206;183;26.33
206;184;26.91
206;193;20.86
206;195;19.69
206;196;19.57
206;197;54.33
206;198;49.13
206;201;73.05
206;202;15.07
206;205;23.94
206;207;21.95
206;209;27.84
206;216;63.82
206;221;22.98
207;163;89.21
207;168;70.37
207;177;10.61
207;186;85.95
207;188;37.74
207;189;76.21
