source;target;label
0;14;89.72
1;10;88.02
2;8;89.85
3;8;89.45
3;6;86.47
4;10;88.40
5;9;88.88
5;7;84.33
6;3;86.47
6;20;89.62
6;12;88.54
7;5;84.33
8;13;89.28
8;2;89.85
8;3;89.45
9;13;88.53
9;5;88.88
10;12;88.09
10;4;88.40
10;1;88.02
11;13;74.61
12;6;88.54
12;10;88.09
13;14;84.28
13;8;89.28
13;9;88.53
13;11;74.61
14;0;89.72
14;13;84.28
15;22;85.25
15;23;84.72
16;20;80.88
16;27;81.48
16;49;75.89
17;28;80.38
18;20;80.98
18;26;76.62
19;20;84.23
20;6;89.62
20;19;84.23
20;18;80.98
20;16;80.88
21;24;79.95
22;27;88.31
22;52;89.34
22;60;85.41
22;15;85.25
22;31;80.63
22;108;79.34
23;15;84.72
24;26;77.55
24;54;82.53
24;21;79.95
24;91;62.88
25;27;87.10
25;33;87.38
26;18;76.62
26;30;84.34
26;24;77.55
27;16;81.48
27;22;88.31
27;25;87.10
27;28;80.99
27;34;80.47
28;27;80.99
28;32;85.99
28;17;80.38
28;38;79.54
29;56;80.19
30;26;84.34
31;22;80.63
32;28;85.99
32;59;87.40
33;25;87.38
34;27;80.47
35;37;81.00
36;67;84.77
36;37;81.46
37;36;81.46
37;35;81.00
38;28;79.54
39;54;81.43
39;43;84.62
40;55;80.98
40;47;89.37
40;42;78.95
41;56;84.52
41;103;83.44
42;40;78.95
43;39;84.62
44;76;71.01
45;57;79.82
46;47;81.62
46;50;84.96
46;75;83.73
46;83;82.90
46;48;81.46
47;40;89.37
47;46;81.62
48;46;81.46
49;16;75.89
49;62;73.20
50;46;84.96
50;71;88.72
51;53;83.68
52;22;89.34
53;57;77.77
53;51;83.68
54;24;82.53
54;39;81.43
55;61;86.59
55;40;80.98
56;80;84.87
56;41;84.52
56;29;80.19
57;76;79.96
57;45;79.82
57;53;77.77
58;66;88.65
59;32;87.40
59;67;81.69
60;22;85.41
60;61;89.39
60;77;85.81
61;60;89.39
61;55;86.59
62;49;73.20
63;67;87.14
64;74;77.81
65;66;83.89
66;133;89.68
66;58;88.65
66;65;83.89
67;59;81.69
67;63;87.14
67;36;84.77
68;88;84.08
68;133;87.61
68;69;81.68
69;68;81.68
69;78;89.82
69;79;84.56
70;104;79.84
71;50;88.72
71;80;88.07
71;72;86.44
72;71;86.44
72;74;75.19
73;79;89.79
73;89;85.50
73;101;85.07
74;72;75.19
74;64;77.81
75;46;83.73
75;82;88.75
76;85;84.95
76;57;79.96
76;44;71.01
77;60;85.81
77;111;84.05
78;69;89.82
79;69;84.56
79;73;89.79
79;84;87.42
79;85;85.35
80;71;88.07
80;104;85.16
80;56;84.87
80;102;75.36
81;85;89.05
81;87;89.31
82;75;88.75
83;46;82.90
84;79;87.42
84;118;88.91
85;79;85.35
85;81;89.05
85;76;84.95
86;87;80.06
86;95;86.01
87;81;89.31
87;92;80.54
87;86;80.06
88;104;87.76
88;68;84.08
89;73;85.50
90;101;77.30
91;24;62.88
91;93;80.79
92;87;80.54
93;91;80.79
94;120;86.73
95;86;86.01
96;122;84.98
96;115;88.38
97;116;81.64
97;99;78.21
98;134;79.55
99;97;78.21
100;106;82.55
101;73;85.07
101;90;77.30
102;80;75.36
103;41;83.44
103;145;84.48
104;80;85.16
104;116;88.16
104;88;87.76
104;70;79.84
105;111;83.61
106;191;89.40
106;100;82.55
107;126;85.67
107;110;81.49
108;22;79.34
108;173;87.78
108;113;78.72
109;115;80.22
109;148;84.07
109;130;79.95
110;107;81.49
110;121;79.73
111;77;84.05
111;105;83.61
112;114;75.39
113;108;78.72
113;120;79.50
113;169;69.92
114;125;83.21
114;112;75.39
115;96;88.38
115;140;84.61
115;109;80.22
116;104;88.16
116;97;81.64
117;120;79.34
118;84;88.91
118;122;86.68
119;130;74.64
120;113;79.50
120;94;86.73
120;117;79.34
121;110;79.73
122;118;86.68
122;139;88.40
122;96;84.98
123;132;83.66
124;126;81.96
125;129;86.07
125;114;83.21
126;150;86.79
126;107;85.67
126;124;81.96
127;140;73.50
128;129;88.49
129;157;84.17
129;128;88.49
129;125;86.07
130;109;79.95
130;119;74.64
131;134;83.66
131;160;83.97
132;163;87.11
132;123;83.66
133;68;87.61
133;66;89.68
134;175;89.29
134;131;83.66
134;98;79.55
135;147;68.52
136;154;80.42
136;142;70.28
137;144;88.97
138;154;80.86
138;143;81.86
138;163;77.16
139;122;88.40
140;115;84.61
140;188;86.19
140;127;73.50
141;161;83.94
141;144;89.22
142;136;70.28
143;138;81.86
144;141;89.22
144;137;88.97
145;103;84.48
145;159;88.42
145;164;82.08
145;168;81.95
146;186;81.16
147;154;82.13
147;135;68.52
148;109;84.07
148;183;82.96
149;190;89.18
150;153;84.08
150;126;86.79
151;155;83.41
151;177;86.76
151;193;77.72
151;170;71.29
152;164;85.51
152;180;83.99
153;159;80.60
153;154;87.75
153;150;84.08
153;167;83.40
154;153;87.75
154;147;82.13
154;138;80.86
154;136;80.42
155;194;89.18
155;171;84.32
155;151;83.41
156;168;68.24
157;159;85.44
157;129;84.17
158;165;85.78
159;145;88.42
159;157;85.44
159;153;80.60
160;131;83.97
160;196;70.86
161;183;84.39
161;141;83.94
161;202;81.96
162;164;85.06
162;165;80.88
163;138;77.16
163;207;89.21
163;132;87.11
164;145;82.08
164;152;85.51
164;162;85.06
165;162;80.88
165;158;85.78
166;170;88.07
167;153;83.40
168;145;81.95
168;156;68.24
169;113;69.92
170;151;71.29
170;166;88.07
171;155;84.32
171;201;87.48
172;177;85.16
173;108;87.78
173;178;81.24
174;177;81.00
174;175;88.74
175;174;88.74
175;134;89.29
176;187;74.36
176;179;84.94
177;151;86.76
177;172;85.16
177;174;81.00
178;173;81.24
178;184;84.11
178;192;81.68
178;200;78.75
179;176;84.94
180;152;83.99
181;192;67.78
182;192;81.37
183;148;82.96
183;161;84.39
183;194;83.92
184;178;84.11
184;191;80.35
184;187;79.78
185;187;87.07
186;207;85.95
186;146;81.16
187;184;79.78
187;185;87.07
187;176;74.36
188;140;86.19
189;248;80.55
190;195;79.56
190;149;89.18
190;228;79.76
191;184;80.35
191;106;89.40
191;221;80.28
192;178;81.68
192;182;81.37
192;181;67.78
193;151;77.72
193;197;77.49
194;183;83.92
194;155;89.18
194;195;88.75
195;194;88.75
195;190;79.56
196;160;70.86
197;193;77.49
198;223;87.42
199;209;81.85
199;215;79.94
200;178;78.75
201;171;87.48
201;211;87.97
201;206;73.05
201;208;71.11
202;161;81.96
202;203;80.86
203;202;80.86
204;216;87.88
205;212;77.73
206;201;73.05
207;163;89.21
207;222;87.78
207;186;85.95
208;201;71.11
209;210;86.05
209;199;81.85
210;221;89.07
210;209;86.05
210;242;86.01
211;201;87.97
211;218;79.00
211;229;75.93
212;222;71.09
212;205;77.73
213;234;84.83
214;218;74.80
215;199;79.94
215;226;81.45
215;230;77.25
216;307;83.05
216;204;87.88
217;264;87.82
218;211;79.00
218;214;74.80
219;224;65.89
220;221;85.32
220;250;86.38
220;223;80.98
221;191;80.28
221;210;89.07
221;220;85.32
222;207;87.78
222;212;71.09
223;220;80.98
223;198;87.42
224;235;83.09
224;219;65.89
225;236;83.45
225;258;84.04
226;215;81.45
226;248;88.37
227;230;69.74
228;190;79.76
229;211;75.93
230;215;77.25
230;227;69.74
231;251;83.86
231;243;85.25
232;259;87.53
233;260;82.38
234;236;80.54
234;213;84.83
234;235;79.55
235;234;79.55
235;224;83.09
235;255;82.58
236;248;86.76
236;225;83.45
236;234;80.54
237;246;89.90
237;240;74.57
238;258;84.57
239;241;86.23
239;247;85.49
240;237;74.57
241;245;78.15
241;239;86.23
242;210;86.01
242;266;83.57
242;245;77.89
243;231;85.25
244;258;79.53
245;242;77.89
245;270;84.15
245;241;78.15
246;257;84.30
246;237;89.90
247;239;85.49
248;226;88.37
248;236;86.76
248;189;80.55
249;280;74.99
250;220;86.38
250;251;88.52
251;250;88.52
251;260;88.85
251;231;83.86
252;253;75.01
252;273;77.26
253;260;81.68
253;307;85.57
253;252;75.01
254;295;87.02
255;235;82.58
256;263;80.66
257;273;75.03
257;246;84.30
257;261;82.38
257;277;78.54
258;225;84.04
258;238;84.57
258;268;80.87
258;244;79.53
258;264;77.17
259;272;86.88
259;281;88.97
259;284;88.33
259;232;87.53
260;251;88.85
260;233;82.38
260;253;81.68
261;257;82.38
262;267;60.86
263;271;77.72
263;280;84.23
263;256;80.66
264;258;77.17
264;217;87.82
265;305;80.70
265;267;73.60
266;242;83.57
267;265;73.60
267;262;60.86
268;258;80.87
269;273;86.22
269;283;78.98
270;245;84.15
270;271;83.05
271;270;83.05
271;272;88.71
271;275;88.68
271;286;85.37
271;263;77.72
272;271;88.71
272;259;86.88
273;252;77.26
273;269;86.22
273;278;76.53
273;257;75.03
274;332;78.07
275;271;88.68
275;309;85.86
276;281;86.84
276;298;86.49
276;322;79.74
277;257;78.54
278;273;76.53
278;310;86.67
278;285;69.29
279;298;82.17
280;263;84.23
280;249;74.99
281;259;88.97
281;276;86.84
281;292;78.83
282;295;84.35
282;296;84.92
283;269;78.98
284;259;88.33
285;278;69.29
286;271;85.37
286;297;88.90
287;294;86.04
288;297;82.29
289;311;84.55
290;299;87.23
291;293;77.91
292;281;78.83
292;294;82.93
293;310;82.94
293;291;77.91
294;292;82.93
294;287;86.04
295;343;86.62
295;254;87.02
295;282;84.35
296;282;84.92
296;315;83.34
297;286;88.90
297;308;87.74
297;288;82.29
297;300;81.52
298;276;86.49
298;301;89.90
298;279;82.17
299;301;87.29
299;290;87.23
300;297;81.52
301;298;89.90
301;299;87.29
301;304;81.68
302;322;80.76
302;311;84.61
303;304;76.23
304;301;81.68
304;318;78.53
304;303;76.23
305;308;83.79
305;265;80.70
306;313;86.29
306;321;89.69
307;253;85.57
307;216;83.05
308;297;87.74
308;330;87.48
308;305;83.79
309;275;85.86
310;278;86.67
310;319;85.00
310;293;82.94
310;374;74.85
311;302;84.61
311;289;84.55
312;313;85.67
313;331;85.18
313;306;86.29
313;312;85.67
313;336;83.53
314;324;85.68
315;296;83.34
315;348;82.57
316;334;82.30
316;351;88.12
316;320;76.73
317;321;87.38
317;325;88.56
318;304;78.53
318;333;81.15
319;310;85.00
320;316;76.73
321;306;89.69
321;317;87.38
321;342;86.41
322;276;79.74
322;302;80.76
323;348;79.76
323;357;89.69
323;326;79.86
323;332;78.68
324;330;78.56
324;344;87.63
324;314;85.68
324;352;82.34
325;317;88.56
325;339;88.39
326;323;79.86
327;342;75.14
327;338;77.27
328;368;79.93
328;360;83.59
329;336;89.77
329;334;87.21
330;308;87.48
330;331;89.73
330;324;78.56
331;330;89.73
331;313;85.18
331;341;78.57
332;323;78.68
332;337;83.85
332;274;78.07
333;318;81.15
334;329;87.21
334;353;88.59
334;316;82.30
335;337;73.15
336;313;83.53
336;329;89.77
336;369;89.61
337;332;83.85
337;335;73.15
338;327;77.27
339;325;88.39
339;376;88.70
340;362;84.02
341;331;78.57
342;321;86.41
342;382;89.75
342;346;89.50
342;327;75.14
343;356;87.35
343;295;86.62
344;324;87.63
345;358;77.50
346;342;89.50
347;358;88.37
348;315;82.57
348;323;79.76
349;383;66.53
350;366;86.68
350;391;76.63
351;316;88.12
352;324;82.34
353;334;88.59
353;373;88.92
354;355;89.87
354;358;86.33
355;356;83.60
355;354;89.87
356;376;89.34
356;343;87.35
356;355;83.60
356;362;81.67
357;323;89.69
357;359;86.41
358;354;86.33
358;347;88.37
358;345;77.50
359;357;86.41
360;328;83.59
361;378;87.38
361;372;87.91
362;356;81.67
362;340;84.02
363;364;85.70
364;376;85.66
364;363;85.70
364;385;82.67
365;367;75.41
366;373;70.71
366;350;86.68
367;413;84.32
367;365;75.41
368;385;76.87
368;328;79.93
369;336;89.61
370;385;88.51
370;371;85.66
371;370;85.66
371;388;84.54
372;361;87.91
373;353;88.92
373;366;70.71
374;310;74.85
374;400;77.01
375;376;89.40
376;339;88.70
376;375;89.40
376;356;89.34
376;364;85.66
377;382;85.05
377;386;84.21
377;389;80.26
377;381;78.06
378;382;89.99
378;361;87.38
378;379;76.84
379;378;76.84
380;395;74.34
381;377;78.06
382;342;89.75
382;378;89.99
382;377;85.05
383;417;80.87
383;349;66.53
384;386;82.59
384;401;85.67
384;390;83.20
385;364;82.67
385;370;88.51
385;368;76.87
386;377;84.21
386;384;82.59
387;395;78.98
388;371;84.54
389;377;80.26
389;399;78.38
390;384;83.20
391;350;76.63
392;407;82.34
392;430;87.88
393;394;88.95
393;425;88.28
393;396;87.58
393;405;67.59
394;414;85.34
394;393;88.95
395;396;80.64
395;387;78.98
395;380;74.34
396;393;87.58
396;395;80.64
397;412;89.62
398;400;74.92
399;389;78.38
399;403;89.25
400;374;77.01
400;398;74.92
401;384;85.67
401;408;86.26
401;414;83.53
401;410;82.41
402;406;73.37
403;399;89.25
404;410;87.74
404;419;89.74
405;393;67.59
406;407;89.19
406;402;73.37
407;435;81.85
407;406;89.19
407;392;82.34
408;401;86.26
409;430;82.83
409;415;81.40
410;401;82.41
410;404;87.74
410;413;78.85
411;429;80.28
412;415;79.83
412;397;89.62
412;418;85.91
413;410;78.85
413;367;84.32
414;401;83.53
414;394;85.34
415;409;81.40
415;432;86.43
415;412;79.83
416;458;80.26
417;422;89.37
417;383;80.87
417;442;77.53
418;412;85.91
419;404;89.74
420;452;83.32
420;436;88.35
421;432;86.39
421;427;79.45
422;439;88.34
422;431;89.99
422;417;89.37
423;431;82.72
423;470;87.97
423;424;78.90
424;423;78.90
425;393;88.28
425;435;83.17
425;428;74.39
425;426;72.25
426;425;72.25
427;421;79.45
428;425;74.39
429;434;81.80
429;456;87.45
429;443;87.23
429;411;80.28
430;392;87.88
430;409;82.83
430;438;78.65
431;422;89.99
431;434;82.81
431;423;82.72
432;415;86.43
432;421;86.39
432;437;81.22
433;449;78.71
434;431;82.81
434;429;81.80
434;447;79.54
435;425;83.17
435;407;81.85
436;420;88.35
436;440;89.74
436;439;89.27
437;432;81.22
437;441;80.87
438;430;78.65
438;460;87.43
438;452;80.33
439;436;89.27
439;422;88.34
440;436;89.74
441;437;80.87
441;444;61.65
442;417;77.53
442;471;82.53
443;429;87.23
443;448;85.65
443;446;68.76
444;441;61.65
445;450;83.96
445;475;81.05
446;443;68.76
447;434;79.54
447;451;81.37
448;443;85.65
449;462;88.32
449;450;88.73
449;433;78.71
450;449;88.73
450;445;83.96
451;447;81.37
452;438;80.33
452;420;83.32
453;461;78.00
454;466;86.53
454;467;87.70
454;458;85.47
455;461;81.43
455;473;74.52
456;429;87.45
456;492;89.22
457;465;86.75
457;474;89.83
458;454;85.47
458;459;88.03
458;416;80.26
459;458;88.03
459;464;73.65
460;438;87.43
461;462;83.10
461;455;81.43
461;453;78.00
462;467;85.30
462;482;89.23
462;449;88.32
462;476;86.03
462;493;84.36
462;461;83.10
463;467;62.41
464;459;73.65
465;466;87.54
465;457;86.75
466;469;87.71
466;465;87.54
466;454;86.53
467;454;87.70
467;462;85.30
467;463;62.41
468;476;86.20
469;470;83.36
469;466;87.71
469;485;86.33
469;478;81.11
470;423;87.97
470;469;83.36
471;442;82.53
471;488;81.80
472;487;83.57
473;455;74.52
474;457;89.83
474;484;85.14
475;445;81.05
476;462;86.03
476;468;86.20
477;498;85.16
477;499;79.78
478;469;81.11
478;489;81.78
479;488;89.94
480;493;80.54
480;481;85.21
481;480;85.21
482;462;89.23
482;490;89.97
482;497;80.79
483;488;85.05
484;474;85.14
485;469;86.33
485;486;78.69
486;485;78.69
487;489;88.15
487;472;83.57
487;498;80.37
488;471;81.80
488;479;89.94
488;483;85.05
489;478;81.78
489;487;88.15
490;482;89.97
490;495;83.66
491;497;89.14
492;456;89.22
492;494;88.94
493;462;84.36
493;480;80.54
494;492;88.94
495;490;83.66
496;499;86.64
497;482;80.79
497;491;89.14
498;487;80.37
498;477;85.16
499;477;79.78
499;496;86.64
