source;target;label
0;33;28.88
0;35;89.73
0;51;44.98
0;128;59.01
0;170;89.75
0;206;79.46
0;212;71.24
0;217;39.06
0;235;62.22
0;259;71.91
0;277;11.43
0;284;50.29
0;362;25.19
0;374;66.18
0;398;69.09
0;443;30.95
0;463;61.39
1;44;60.08
1;100;34.30
1;123;68.24
1;133;15.63
1;169;27.02
1;209;50.64
1;238;73.47
1;255;3.45
1;301;15.40
1;366;19.31
1;378;36.63
1;418;76.89
1;434;35.74
1;451;48.30
2;4;25.65
2;96;38.74
2;107;86.61
2;264;31.36
2;300;49.24
2;343;47.11
2;350;45.89
2;360;87.74
2;381;36.14
2;386;80.13
2;391;67.77
2;401;76.86
2;407;30.55
2;459;80.47
3;72;38.64
3;105;53.95
3;152;86.06
3;222;33.25
3;250;11.66
3;254;21.54
3;274;38.99
3;299;49.23
3;312;78.99
3;394;9.91
3;425;20.15
3;440;11.41
4;2;25.65
4;107;43.90
4;264;61.22
4;294;19.92
4;300;57.28
4;343;27.65
4;350;61.67
4;360;41.72
4;386;79.75
4;407;26.17
4;459;49.38
5;6;62.83
5;12;18.34
5;19;13.09
5;34;42.69
5;41;66.79
5;60;73.74
5;93;6.29
5;132;12.59
5;136;14.43
5;172;12.61
5;185;31.45
5;221;24.59
5;234;4.29
5;239;60.11
5;296;11.77
5;302;23.91
5;304;80.51
5;321;42.57
5;323;1.43
5;333;13.76
5;344;25.50
5;347;71.90
5;348;80.26
5;431;30.11
5;488;66.91
6;5;62.83
6;19;56.15
6;41;21.30
6;60;63.45
6;93;85.79
6;112;85.99
6;136;18.06
6;166;72.17
6;172;4.87
6;185;59.51
6;221;63.57
6;296;6.27
6;302;31.57
6;306;76.57
6;321;2.39
6;323;26.28
6;333;33.56
6;344;75.10
6;347;56.15
6;348;81.28
6;431;44.90
6;480;89.24
7;49;50.39
7;53;61.59
7;84;15.71
7;177;78.80
7;208;74.88
7;220;14.04
7;222;44.15
7;223;35.73
7;226;48.80
7;229;7.27
7;250;7.55
7;274;72.30
7;299;38.75
7;372;4.29
7;415;62.77
7;425;88.50
7;477;13.82
7;478;26.54
8;12;56.38
8;41;23.97
8;52;12.36
8;87;67.18
8;91;1.98
8;145;84.60
8;154;5.83
8;214;33.88
8;221;46.65
8;253;56.94
8;336;17.24
8;344;70.28
8;364;22.89
8;379;19.57
8;399;35.62
8;431;30.63
8;437;70.38
8;480;39.11
9;48;56.15
9;56;71.55
9;64;18.48
9;86;85.42
9;151;54.56
9;190;85.42
9;200;40.11
9;210;66.32
9;289;8.64
9;320;52.29
9;330;9.45
9;340;63.79
9;377;53.86
9;456;43.37
10;26;43.81
10;106;58.89
10;109;57.20
10;131;29.60
10;132;37.62
10;242;43.80
10;304;53.64
10;335;49.06
10;348;26.57
10;373;7.24
10;411;11.95
10;430;42.81
10;436;21.79
10;438;6.35
10;475;51.69
10;479;53.44
11;31;75.80
11;42;21.37
11;101;17.76
11;180;64.12
11;181;62.97
11;193;21.87
11;248;24.01
11;257;57.32
11;265;28.33
11;271;73.34
11;298;77.07
11;308;84.14
12;5;18.34
12;8;56.38
12;34;17.37
12;41;71.58
12;54;2.59
12;74;18.30
12;91;76.73
12;145;56.09
12;185;26.99
12;216;22.34
12;234;25.71
12;239;37.98
12;247;10.92
12;323;60.91
12;333;69.55
12;344;3.12
12;357;29.29
12;363;24.37
12;399;60.71
12;431;76.05
12;488;16.30
12;491;50.57
12;497;28.53
13;58;69.06
13;99;52.42
13;127;39.90
13;196;47.75
13;225;86.30
13;246;79.85
13;270;16.65
13;316;66.82
13;400;70.97
13;408;50.74
13;420;88.47
13;444;89.00
13;460;58.82
13;462;17.85
13;489;84.58
14;32;50.72
14;55;15.00
14;69;76.50
14;130;62.27
14;152;76.77
14;218;53.84
14;272;45.76
14;283;22.92
14;315;81.70
14;368;28.76
14;389;27.27
14;421;73.12
14;470;50.60
15;56;30.42
15;92;72.13
15;122;46.77
15;157;49.49
15;183;11.42
15;200;88.94
15;202;58.94
15;230;5.46
15;261;24.46
15;286;48.15
15;292;2.03
15;293;89.62
15;349;47.55
15;383;19.35
15;412;57.47
15;449;16.16
15;453;41.97
15;464;63.61
15;485;40.26
16;98;62.60
16;110;72.03
16;126;68.30
16;162;85.06
16;175;52.61
16;198;35.30
16;199;58.53
16;230;42.19
16;245;21.74
16;260;54.78
16;292;32.44
16;376;4.73
16;413;39.78
16;449;84.98
16;469;21.64
16;493;54.23
17;54;9.27
17;74;37.91
17;91;86.25
17;179;56.95
17;216;26.39
17;256;42.10
17;279;55.68
17;303;19.39
17;314;35.15
17;357;3.62
17;363;21.26
17;390;78.75
17;461;81.63
17;491;44.46
17;497;67.86
18;78;43.54
18;252;46.87
18;262;18.07
18;266;45.03
18;310;87.01
18;339;6.54
18;393;49.07
18;403;23.32
19;5;13.09
19;6;56.15
19;60;56.88
19;93;77.04
19;121;50.83
19;136;83.65
19;166;29.30
19;172;36.73
19;185;16.55
19;227;30.17
19;296;67.10
19;302;65.67
19;306;48.79
19;321;71.75
19;333;87.42
19;347;86.75
19;348;2.60
19;396;81.54
20;36;86.56
20;66;33.28
20;120;64.67
20;143;87.32
20;290;4.47
20;448;3.11
20;474;56.51
20;499;13.82
21;31;84.48
21;42;57.35
21;63;84.28
21;89;11.78
21;181;22.32
21;193;22.85
21;236;27.47
21;248;84.70
21;265;69.95
21;271;60.84
21;298;20.45
22;45;20.09
22;82;75.65
22;104;33.15
22;192;24.22
22;258;16.14
22;268;78.30
22;309;66.56
22;359;7.14
22;410;23.92
22;429;51.85
23;36;77.32
23;73;70.98
23;88;65.04
23;95;33.11
23;102;80.74
23;117;82.08
23;213;40.10
23;219;32.71
23;337;35.34
23;361;17.08
23;369;53.30
23;419;12.86
23;426;37.20
23;496;59.15
23;499;7.83
24;90;78.49
24;287;78.52
24;356;67.52
25;44;53.73
25;103;49.09
25;133;77.77
25;150;58.18
25;156;3.52
25;227;27.78
25;238;49.18
25;255;10.42
25;263;42.71
25;301;29.51
25;319;42.89
25;328;45.92
25;341;44.10
25;366;75.39
25;396;32.28
25;418;45.08
25;446;35.76
25;468;34.41
25;481;5.73
25;492;57.36
26;10;43.81
26;43;27.20
26;69;65.10
26;106;47.51
26;109;85.18
26;131;19.46
26;189;33.33
26;224;56.03
26;242;29.77
26;251;22.60
26;269;83.98
26;272;16.20
26;278;40.23
26;283;83.14
26;335;26.95
26;373;54.56
26;430;72.91
26;438;83.80
26;475;72.62
26;479;22.99
27;93;41.33
27;121;19.48
27;136;50.46
27;150;12.06
27;153;63.48
27;172;16.58
27;227;14.56
27;313;24.30
27;321;43.99
27;348;87.96
27;396;10.98
27;411;77.81
27;436;54.67
27;475;8.93
28;30;65.64
28;76;46.96
28;139;43.34
28;140;29.64
28;154;65.82
28;186;35.37
28;231;77.36
28;334;22.86
28;353;6.17
28;379;73.42
28;391;23.18
28;392;29.84
28;447;45.59
28;466;5.11
29;32;67.44
29;72;53.68
29;97;2.06
29;125;78.53
29;130;28.52
29;135;49.60
29;173;8.45
29;188;70.42
29;218;53.14
29;240;2.95
29;288;55.38
29;331;81.89
29;388;61.74
29;395;21.15
29;455;29.12
29;470;37.99
29;498;46.46
30;28;65.64
30;76;69.22
30;139;85.87
30;140;13.03
30;149;58.39
30;211;42.62
30;231;18.21
30;284;30.38
30;297;84.11
30;346;2.17
30;353;26.51
30;405;10.05
30;427;43.37
30;447;85.67
30;457;34.20
31;11;75.80
31;21;84.48
31;32;50.67
31;42;84.42
31;63;37.79
31;89;50.13
31;181;14.59
31;193;55.84
31;236;87.06
31;240;59.13
31;248;63.14
31;257;10.18
31;265;35.68
31;298;87.62
32;14;50.72
32;29;67.44
32;31;50.67
32;55;39.99
32;63;77.28
32;97;71.00
32;130;11.66
32;135;20.16
32;188;48.55
32;218;36.72
32;240;45.21
32;288;20.24
32;368;40.46
32;389;60.96
32;455;81.17
32;470;88.75
33;0;28.88
33;35;7.17
33;37;52.59
33;51;14.99
33;113;38.06
33;146;20.24
33;170;6.38
33;187;65.06
33;203;17.40
33;206;85.35
33;217;35.90
33;277;61.55
33;338;62.03
33;351;16.52
33;374;61.20
33;380;62.52
33;398;77.24
33;452;38.96
33;463;22.91
34;5;42.69
34;12;17.37
34;41;80.39
34;54;35.80
34;74;8.65
34;132;60.38
34;216;5.13
34;234;70.68
34;239;10.27
34;247;18.21
34;304;67.60
34;323;27.71
34;344;3.23
34;357;88.75
34;363;66.37
34;373;42.91
34;488;85.95
34;491;13.64
34;497;5.79
35;0;89.73
35;33;7.17
35;37;82.45
35;51;87.04
35;128;53.85
35;146;8.77
35;170;35.08
35;187;30.02
35;206;22.46
35;217;17.42
35;235;61.39
35;259;73.58
35;277;23.56
35;338;89.27
35;351;66.93
35;374;37.34
35;380;31.59
35;398;34.93
35;452;47.92
35;463;45.45
36;20;86.56
36;23;77.32
36;66;85.80
36;95;24.05
36;102;46.25
36;117;82.98
36;143;64.25
36;337;39.34
36;369;46.81
36;419;1.47
36;496;22.49
36;499;12.85
37;33;52.59
37;35;82.45
37;83;36.47
37;113;3.69
37;187;33.49
37;206;72.23
37;217;43.46
37;338;44.37
37;351;2.58
37;380;12.68
37;398;1.13
37;406;67.07
38;46;68.36
38;71;49.28
38;73;86.59
38;88;74.47
38;174;49.88
38;182;59.22
38;204;35.13
38;207;26.35
38;213;58.74
38;219;48.67
38;361;80.64
38;382;24.50
38;404;68.94
38;465;6.52
39;64;68.06
39;75;20.80
39;86;35.06
39;94;79.22
39;127;64.05
39;161;1.77
39;176;9.24
39;244;14.68
39;266;4.89
39;289;29.19
39;320;84.44
39;322;45.94
39;329;81.10
39;339;82.03
39;393;37.43
39;403;22.60
39;409;45.85
39;435;34.84
40;50;39.94
40;212;30.28
40;215;23.03
40;235;55.91
40;362;75.44
40;371;25.14
40;422;59.33
40;445;57.12
40;457;3.09
40;494;45.54
41;5;66.79
41;6;21.30
41;8;23.97
41;12;71.58
41;34;80.39
41;54;14.59
41;60;73.82
41;145;42.60
41;185;59.09
41;216;19.16
41;221;27.59
41;234;22.67
41;239;51.91
41;247;75.27
41;296;42.56
41;302;26.11
41;323;70.85
41;333;68.45
41;344;44.94
41;357;34.59
41;399;59.27
41;431;31.81
41;488;10.06
41;497;71.62
42;11;21.37
42;21;57.35
42;31;84.42
42;89;38.82
42;101;40.93
42;180;52.48
42;181;32.27
42;193;78.74
42;248;57.82
42;257;59.09
42;265;19.57
42;271;33.78
42;298;72.64
42;308;51.02
43;26;27.20
43;69;14.87
43;106;62.52
43;109;13.52
43;131;32.81
43;144;13.71
43;224;11.80
43;237;43.08
43;247;24.14
43;272;83.31
43;283;82.55
43;373;53.00
43;430;60.35
43;438;15.88
43;495;46.41
44;1;60.08
44;25;53.73
44;100;57.40
44;103;21.30
44;133;8.82
44;150;42.02
44;156;4.45
44;169;25.06
44;209;65.93
44;238;38.24
44;255;20.22
44;263;65.31
44;301;23.63
44;319;15.84
44;328;35.35
44;366;56.01
44;418;21.48
44;434;9.12
44;451;23.09
44;468;18.08
44;481;66.90
44;492;24.44
45;22;20.09
45;82;63.47
45;182;51.69
45;192;26.78
45;258;63.55
45;305;85.71
45;325;5.69
45;358;81.03
45;359;25.61
45;410;25.17
45;414;5.27
45;429;44.94
46;38;68.36
46;71;11.92
46;174;38.43
46;204;68.14
46;205;59.99
46;207;41.33
46;325;19.54
46;382;74.82
46;384;14.22
46;404;7.89
46;414;88.67
46;441;35.43
46;465;86.34
47;62;2.64
47;80;81.06
47;120;76.12
47;142;75.28
47;158;13.91
47;213;55.18
47;232;30.68
47;305;81.94
47;432;75.04
48;9;56.15
48;64;68.03
48;75;56.22
48;94;71.46
48;151;25.67
48;163;82.40
48;190;65.64
48;210;87.62
48;289;24.05
48;291;86.99
48;320;67.83
48;330;38.45
48;340;71.03
48;377;62.35
48;435;63.58
48;456;40.38
48;490;29.88
49;7;50.39
49;53;26.69
49;177;46.05
49;178;40.15
49;208;89.62
49;220;86.66
49;222;65.53
49;229;85.71
49;250;42.33
49;299;1.45
49;415;88.19
49;478;43.31
50;40;39.94
50;212;88.45
50;215;1.75
50;235;41.44
50;284;82.22
50;362;40.29
50;405;55.02
50;422;35.62
50;445;12.40
50;457;11.79
50;494;78.40
51;0;44.98
51;33;14.99
51;35;87.04
51;128;85.53
51;206;3.76
51;217;22.65
51;259;79.10
51;284;37.88
51;351;71.80
51;380;32.41
51;398;23.02
51;463;17.02
52;8;12.36
52;87;29.41
52;91;3.31
52;145;33.35
52;214;63.53
52;253;71.15
52;336;35.09
52;364;77.42
52;387;11.04
52;399;24.34
52;424;38.69
52;437;41.42
53;7;61.59
53;49;26.69
53;177;82.50
53;208;47.65
53;220;22.60
53;222;54.98
53;223;79.38
53;229;5.34
53;250;70.94
53;274;49.27
53;299;85.80
53;415;75.39
53;425;81.86
53;478;15.41
54;12;2.59
54;17;9.27
54;34;35.80
54;41;14.59
54;74;70.25
54;179;3.37
54;216;15.64
54;234;88.99
54;239;20.92
54;247;61.23
54;323;82.93
54;357;72.54
54;363;9.46
54;461;71.59
54;488;10.90
54;491;77.77
54;497;10.39
55;14;15.00
55;32;39.99
55;69;68.71
55;130;17.91
55;152;55.87
55;218;4.47
55;272;52.66
55;283;54.87
55;315;61.72
55;368;86.15
55;389;82.95
55;421;40.04
55;470;35.77
56;9;71.55
56;15;30.42
56;64;23.35
56;92;76.28
56;122;61.29
56;157;56.74
56;183;29.75
56;190;20.70
56;200;86.56
56;261;74.51
56;289;60.57
56;292;21.29
56;293;49.60
56;376;84.66
56;377;19.58
56;412;10.80
56;413;59.01
56;449;79.69
56;456;67.02
56;469;25.72
57;70;30.52
57;98;46.22
57;111;49.69
57;115;13.77
57;119;44.19
57;137;35.53
57;153;22.99
57;160;56.63
57;175;60.36
57;191;73.81
57;243;22.75
57;313;7.46
57;370;80.85
57;375;20.21
58;13;69.06
58;75;20.71
58;94;44.76
58;99;69.30
58;127;70.89
58;161;39.30
58;196;29.69
58;210;67.83
58;270;62.27
58;291;67.80
58;316;64.15
58;340;70.49
58;435;15.51
58;444;71.41
58;460;14.53
58;489;75.29
59;81;89.64
59;124;56.76
59;134;59.34
59;201;43.80
59;207;46.46
59;354;11.24
59;426;3.57
60;5;73.74
60;6;63.45
60;19;56.88
60;41;73.82
60;93;8.20
60;121;68.84
60;132;12.31
60;136;68.83
60;172;56.26
60;185;84.84
60;221;39.25
60;296;1.33
60;302;85.23
60;304;9.49
60;321;38.20
60;323;46.82
60;333;46.86
60;344;12.22
60;347;33.02
60;348;11.67
61;105;58.76
61;141;65.11
61;152;30.80
61;194;9.51
61;251;60.14
61;269;24.53
61;272;52.84
61;278;13.84
61;315;18.54
61;352;4.85
61;368;49.67
61;421;8.45
61;479;44.52
62;47;2.64
62;80;2.46
62;142;46.68
62;158;14.54
62;171;37.33
62;249;22.63
62;307;32.77
62;358;78.68
62;406;44.72
62;428;53.96
62;472;54.16
62;486;68.17
63;21;84.28
63;31;37.79
63;32;77.28
63;89;32.55
63;97;66.92
63;130;58.15
63;135;64.65
63;193;37.37
63;218;46.14
63;236;75.45
63;240;1.03
63;265;83.63
63;455;57.96
64;9;18.48
64;39;68.06
64;48;68.03
64;56;23.35
64;86;62.24
64;165;50.28
64;176;16.75
64;183;59.66
64;190;39.49
64;261;22.21
64;289;42.80
64;320;89.27
64;332;83.01
64;377;5.45
64;456;69.38
65;151;72.37
65;163;60.80
65;285;43.59
65;330;58.34
65;376;87.88
65;413;71.69
65;456;42.96
65;469;20.75
65;471;48.85
65;490;39.83
66;20;33.28
66;36;85.80
66;95;3.83
66;120;2.60
66;143;32.22
66;419;29.87
66;474;31.67
66;499;39.52
67;77;33.10
67;84;86.52
67;159;42.55
67;177;2.26
67;226;69.08
67;282;5.00
67;326;4.32
67;439;46.85
67;442;41.50
67;458;65.63
67;477;16.14
67;484;18.76
68;126;70.83
68;138;33.80
68;155;61.35
68;175;72.84
68;198;20.73
68;275;55.10
68;285;4.57
68;295;8.79
68;317;65.70
68;372;55.99
68;397;7.60
68;416;75.16
68;417;68.48
68;467;60.15
68;471;10.45
69;14;76.50
69;26;65.10
69;43;14.87
69;55;68.71
69;106;81.15
69;109;59.13
69;131;21.32
69;144;48.84
69;224;71.35
69;237;68.88
69;272;18.24
69;278;10.09
69;283;88.61
69;315;11.26
69;421;78.98
69;438;70.37
69;479;34.36
69;495;53.16
70;57;30.52
70;111;84.00
70;137;26.25
70;138;73.45
70;153;46.02
70;160;48.67
70;175;26.21
70;189;2.35
70;191;36.97
70;198;48.62
70;275;3.02
70;313;70.74
70;335;10.61
70;370;65.01
70;375;73.68
70;397;74.84
70;411;66.16
71;38;49.28
71;46;11.92
71;174;63.43
71;204;86.79
71;205;20.70
71;207;18.21
71;382;37.02
71;384;89.27
71;404;78.58
71;465;68.19
72;3;38.64
72;29;53.68
72;125;53.70
72;130;70.38
72;152;29.62
72;173;69.14
72;188;37.01
72;254;4.17
72;288;44.00
72;312;18.48
72;368;36.76
72;388;72.79
72;389;84.10
72;440;71.95
72;470;16.85
73;23;70.98
73;38;86.59
73;88;16.89
73;102;73.79
73;213;63.09
73;219;21.00
73;337;10.15
73;361;36.75
73;382;6.04
73;419;31.64
73;426;29.70
73;496;77.21
73;499;83.83
74;12;18.30
74;17;37.91
74;34;8.65
74;54;70.25
74;91;53.51
74;179;63.73
74;216;80.53
74;234;78.87
74;239;36.25
74;247;81.02
74;256;43.15
74;303;82.58
74;357;27.20
74;363;12.15
74;390;82.27
74;461;40.86
74;488;34.12
74;491;7.86
74;497;34.85
75;39;20.80
75;48;56.22
75;58;20.71
75;94;25.38
75;127;37.76
75;161;34.24
75;163;84.33
75;210;47.46
75;291;44.48
75;316;65.93
75;320;1.09
75;330;33.66
75;340;55.82
75;409;4.07
75;435;33.08
75;484;51.06
75;489;88.67
75;490;74.08
76;28;46.96
76;30;69.22
76;96;55.01
76;107;52.58
76;139;16.15
76;140;18.09
76;186;19.91
76;231;67.73
76;294;62.40
76;300;12.18
76;353;25.00
76;391;17.45
76;392;23.73
76;407;21.51
76;447;27.95
76;457;36.91
76;466;6.01
77;67;33.10
77;84;39.60
77;177;41.30
77;208;48.55
77;229;43.09
77;282;72.27
77;326;69.50
77;365;61.56
77;442;61.15
77;458;59.82
77;477;28.25
78;18;43.54
78;252;49.01
78;310;61.17
79;108;44.27
79;148;19.13
79;164;58.38
79;184;47.40
79;202;46.97
79;228;88.29
79;276;60.43
79;342;45.67
79;355;85.68
79;385;71.71
79;473;6.15
79;476;38.70
80;47;81.06
80;62;2.46
80;142;58.25
80;158;48.18
80;171;83.43
80;232;21.67
80;249;55.54
80;307;18.00
80;358;44.31
80;406;48.77
80;432;35.50
80;472;20.09
80;486;50.35
81;59;89.64
81;134;77.78
81;201;10.92
81;324;2.39
81;423;52.17
81;426;71.69
82;22;75.65
82;45;63.47
82;104;55.42
82;192;25.42
82;258;36.73
82;268;46.44
82;305;12.39
82;325;21.16
82;359;52.63
82;410;55.43
82;414;19.22
82;429;44.59
83;37;36.47
83;129;19.37
83;290;48.85
83;448;29.62
84;7;15.71
84;67;86.52
84;77;39.60
84;159;69.13
84;177;47.07
84;208;31.09
84;220;19.64
84;226;9.11
84;229;24.00
84;326;2.71
84;439;39.16
84;442;17.60
84;458;46.91
84;477;19.84
84;478;64.73
85;118;75.73
85;147;14.98
85;167;39.87
85;197;72.98
85;281;19.12
85;318;21.02
85;322;74.19
85;327;84.68
85;332;31.43
85;367;58.39
86;9;85.42
86;39;35.06
86;64;62.24
86;147;65.44
86;165;87.16
86;176;32.29
86;183;34.83
86;261;30.88
86;280;13.66
86;281;82.52
86;289;66.63
86;311;5.03
86;322;76.82
86;327;18.71
86;332;78.05
86;450;88.40
87;8;67.18
87;52;29.41
87;91;27.57
87;145;52.15
87;214;56.30
87;253;84.08
87;334;84.24
87;336;72.84
87;364;79.09
87;379;51.29
87;387;61.94
87;399;85.09
87;424;4.84
87;437;60.60
88;23;65.04
88;38;74.47
88;73;16.89
88;95;36.72
88;102;34.25
88;120;3.83
88;143;89.34
88;213;70.59
88;219;17.40
88;337;15.47
88;361;3.68
88;419;84.67
88;496;23.64
88;499;47.18
89;21;11.78
89;31;50.13
89;42;38.82
89;63;32.55
89;181;8.61
89;193;15.65
89;236;20.44
89;240;9.25
89;265;70.50
89;298;85.85
90;24;78.49
90;135;72.64
90;240;58.60
90;287;15.79
90;331;26.08
90;356;77.42
90;395;54.24
90;498;49.98
91;8;1.98
91;12;76.73
91;17;86.25
91;52;3.31
91;74;53.51
91;87;27.57
91;145;18.95
91;214;66.03
91;216;34.60
91;234;17.23
91;303;26.85
91;336;56.28
91;357;61.27
91;364;86.00
91;390;16.78
91;399;80.21
91;431;62.77
91;437;33.92
91;461;32.37
91;491;28.69
91;497;89.64
92;15;72.13
92;56;76.28
92;108;10.95
92;122;66.84
92;157;66.88
92;183;81.99
92;202;63.94
92;261;5.80
92;286;62.49
92;293;36.78
92;349;82.17
92;383;71.96
92;412;78.26
92;449;23.72
92;453;60.37
92;464;77.44
92;485;71.84
93;5;6.29
93;6;85.79
93;19;77.04
93;27;41.33
93;60;8.20
93;121;88.82
93;132;62.26
93;136;7.37
93;172;27.32
93;185;31.67
93;227;2.61
93;296;68.22
93;302;64.76
93;304;38.35
93;321;14.55
93;347;21.32
93;348;45.94
93;396;34.16
93;436;61.61
94;39;79.22
94;48;71.46
94;58;44.76
94;75;25.38
94;127;45.93
94;161;82.09
94;163;48.16
94;210;66.17
94;289;82.13
94;291;33.85
94;316;13.02
94;320;80.42
94;330;15.00
94;340;33.81
94;377;32.43
94;409;62.41
94;435;42.37
94;489;39.83
94;490;20.76
95;23;33.11
95;36;24.05
95;66;3.83
95;88;36.72
95;102;17.14
95;117;66.67
95;143;17.42
95;337;11.76
95;361;58.41
95;369;34.38
95;419;23.53
95;496;88.42
95;499;82.13
96;2;38.74
96;76;55.01
96;107;24.90
96;186;33.74
96;215;82.17
96;231;35.30
96;294;65.50
96;300;60.80
96;353;10.37
96;381;36.01
96;386;48.60
96;391;85.25
96;392;84.66
96;407;9.43
96;457;17.59
96;459;30.60
96;466;82.91
97;29;2.06
97;32;71.00
97;63;66.92
97;125;73.96
97;130;23.70
97;135;62.05
97;173;63.24
97;188;34.22
97;218;31.82
97;240;68.60
97;288;68.43
97;331;48.16
97;395;51.36
97;455;88.86
97;470;40.35
97;498;61.70
98;16;62.60
98;57;46.22
98;110;35.74
98;115;69.21
98;119;87.47
98;126;32.51
98;137;88.32
98;138;70.74
98;160;64.15
98;162;9.03
98;175;40.11
98;191;10.71
98;198;43.04
98;199;4.99
98;245;22.05
98;260;45.35
98;370;80.09
98;375;41.32
98;493;7.04
99;13;52.42
99;58;69.30
99;196;52.54
99;225;77.98
99;246;5.21
99;270;61.42
99;400;35.08
99;408;2.67
99;420;36.56
99;444;71.38
99;460;88.01
99;462;49.15
99;489;10.94
100;1;34.30
100;44;57.40
100;123;10.81
100;133;72.32
100;169;29.49
100;209;68.67
100;255;50.44
100;301;60.02
100;358;29.81
100;359;45.94
100;366;23.03
100;378;25.50
100;429;15.74
100;434;28.82
100;451;47.50
101;11;17.76
101;42;40.93
101;144;55.56
101;180;46.49
101;237;74.16
101;248;19.52
101;256;33.04
101;257;42.91
101;298;87.49
101;308;60.56
102;23;80.74
102;36;46.25
102;73;73.79
102;88;34.25
102;95;17.14
102;117;17.96
102;219;38.17
102;324;59.11
102;337;61.52
102;361;60.05
102;369;65.40
102;419;73.05
102;426;1.48
102;496;6.28
102;499;68.59
103;25;49.09
103;44;21.30
103;133;55.15
103;150;62.31
103;156;52.47
103;227;12.09
103;238;47.82
103;241;39.37
103;255;84.29
103;263;43.95
103;267;41.85
103;319;11.68
103;328;49.10
103;341;51.31
103;366;23.79
103;396;47.78
103;418;11.82
103;446;79.46
103;468;35.68
103;481;37.24
103;492;79.62
104;22;33.15
104;82;55.42
104;148;37.62
104;233;75.50
104;258;72.27
104;268;1.69
104;286;10.38
104;359;56.78
104;453;5.20
104;464;54.57
104;485;29.29
105;3;53.95
105;61;58.76
105;141;82.81
105;152;19.24
105;155;89.17
105;194;36.50
105;269;84.49
105;274;76.73
105;352;53.84
105;372;49.64
105;394;49.53
105;416;82.09
105;425;44.85
105;467;61.26
106;10;58.89
106;26;47.51
106;43;62.52
106;69;81.15
106;109;68.83
106;131;9.12
106;132;18.31
106;224;46.34
106;242;8.10
106;283;61.19
106;304;3.52
106;335;25.99
106;373;87.33
106;430;86.18
106;438;7.46
106;475;46.41
106;479;55.87
106;495;28.26
107;2;86.61
107;4;43.90
107;76;52.58
107;96;24.90
107;168;46.09
107;186;1.89
107;231;46.63
107;294;87.78
107;300;72.20
107;343;81.75
107;353;22.62
107;360;1.98
107;386;19.95
107;391;70.77
107;392;41.86
107;407;28.36
107;459;60.33
107;466;16.06
107;482;71.28
108;79;44.27
108;92;10.95
108;122;62.02
108;148;15.14
108;157;47.62
108;164;16.92
108;184;8.76
108;202;50.22
108;228;49.76
108;280;85.22
108;342;36.82
108;355;67.30
108;383;10.63
108;385;60.78
108;450;18.96
108;453;83.70
108;485;31.20
109;10;57.20
109;26;85.18
109;43;13.52
109;69;59.13
109;106;68.83
109;131;78.42
109;224;58.85
109;242;83.27
109;272;45.15
109;278;27.66
109;283;17.23
109;304;27.26
109;335;86.19
109;373;60.27
109;430;10.04
109;438;28.77
109;475;33.74
109;479;38.82
109;495;10.96
110;16;72.03
110;98;35.74
110;126;57.03
110;162;26.78
110;175;34.09
110;198;85.77
110;199;83.54
110;245;79.31
110;260;64.02
110;317;64.30
110;376;60.08
110;413;6.67
110;469;29.44
110;493;10.54
111;57;49.69
111;70;84.00
111;137;46.89
111;138;34.90
111;153;7.09
111;160;2.10
111;175;5.15
111;189;17.79
111;191;1.79
111;198;68.07
111;275;57.52
111;313;17.77
111;335;51.12
111;370;25.90
111;375;64.77
111;397;27.87
111;411;78.23
111;436;10.81
111;475;86.10
112;6;85.99
112;149;69.77
112;154;62.19
112;166;9.14
112;211;5.29
112;221;89.13
112;297;48.23
112;306;34.75
112;346;41.95
112;347;85.09
112;454;76.68
112;480;66.54
113;33;38.06
113;37;3.69
113;146;53.47
113;170;37.25
113;187;46.62
113;203;18.10
113;217;43.71
113;277;80.94
113;338;3.60
113;374;31.41
113;398;41.51
113;452;24.39
114;164;37.33
114;195;8.42
114;228;70.04
114;276;18.77
114;281;77.35
114;311;35.58
114;327;62.68
114;345;36.90
114;355;89.51
114;385;70.06
114;476;8.54
115;57;13.77
115;98;69.21
115;119;8.03
115;123;59.01
115;153;47.90
115;160;18.00
115;162;41.86
115;169;78.13
115;175;29.02
115;191;75.62
115;209;55.62
115;243;12.04
115;245;76.54
115;260;84.63
115;273;25.85
115;301;44.21
115;313;30.64
115;375;88.82
115;378;59.49
115;451;71.85
115;493;3.76
116;123;64.77
116;230;12.31
116;258;69.14
116;273;88.83
116;286;11.91
116;293;55.10
116;309;32.85
116;349;1.73
116;359;46.41
116;378;77.50
116;412;52.80
116;464;31.46
116;483;31.86
117;23;82.08
117;36;82.98
117;95;66.67
117;102;17.96
117;324;33.60
117;337;43.70
117;361;8.44
117;369;23.18
117;419;51.07
117;423;74.62
117;426;23.41
117;496;51.25
117;499;8.05
118;85;75.73
118;147;75.05
118;167;58.04
118;176;59.08
118;197;33.48
118;244;80.50
118;262;1.32
118;266;15.00
118;318;47.04
118;322;28.97
118;332;78.02
118;367;24.91
118;393;36.93
119;57;44.19
119;98;87.47
119;115;8.03
119;150;64.37
119;153;25.87
119;160;20.31
119;162;17.36
119;169;67.66
119;175;13.02
119;191;2.56
119;209;15.60
119;238;65.87
119;243;19.37
119;255;71.24
119;273;45.75
119;301;49.45
119;313;89.31
119;366;72.74
119;375;60.24
119;451;40.34
119;468;48.90
120;20;64.67
120;47;76.12
120;66;2.60
120;88;3.83
120;142;73.34
120;143;61.95
120;213;8.00
120;219;77.08
120;232;3.51
120;290;20.39
120;337;35.13
120;419;23.24
120;432;63.20
120;474;11.30
120;496;73.15
120;499;79.20
121;19;50.83
121;27;19.48
121;60;68.84
121;93;88.82
121;136;2.80
121;150;64.91
121;172;60.83
121;227;8.30
121;263;66.93
121;296;33.82
121;302;33.97
121;319;57.08
121;321;70.94
121;347;64.55
121;348;47.18
121;396;73.92
121;411;71.81
121;436;17.55
121;481;12.93
122;15;46.77
122;56;61.29
122;92;66.84
122;108;62.02
122;157;43.66
122;165;50.59
122;183;63.60
122;202;28.47
122;261;31.20
122;280;83.74
122;293;3.37
122;383;4.20
122;412;78.90
122;450;1.88
122;453;36.04
122;485;13.84
123;1;68.24
123;100;10.81
123;115;59.01
123;116;64.77
123;169;64.62
123;209;87.19
123;258;3.87
123;273;56.48
123;309;82.01
123;359;18.44
123;378;80.70
123;451;87.79
123;483;81.76
124;59;56.76
124;134;13.74
124;207;45.69
124;354;54.94
125;29;78.53
125;72;53.70
125;97;73.96
125;130;75.52
125;173;46.74
125;188;7.18
125;254;62.76
125;288;75.30
125;388;25.42
125;440;21.61
125;455;37.14
125;470;40.89
126;16;68.30
126;68;70.83
126;98;32.51
126;110;57.03
126;162;25.88
126;175;45.71
126;198;74.63
126;199;76.62
126;245;17.51
126;260;28.26
126;285;41.94
126;317;43.06
126;376;64.77
126;413;75.23
126;417;63.50
126;469;82.23
126;493;26.43
127;13;39.90
127;39;64.05
127;58;70.89
127;75;37.76
127;94;45.93
127;161;19.16
127;225;25.96
127;246;37.48
127;316;39.32
127;329;37.22
127;339;20.05
127;403;89.76
127;408;46.93
127;409;27.56
127;420;47.86
127;435;41.23
127;462;62.11
127;489;42.11
128;0;59.01
128;35;53.85
128;51;85.53
128;206;52.37
128;212;46.27
128;235;9.70
128;259;11.21
128;284;53.64
128;362;37.41
128;405;5.63
128;427;32.35
128;463;62.14
129;83;19.37
129;290;68.18
129;448;70.02
129;474;84.08
130;14;62.27
130;29;28.52
130;32;11.66
130;55;17.91
130;63;58.15
130;72;70.38
130;97;23.70
130;125;75.52
130;135;41.80
130;173;71.87
130;188;21.05
130;218;45.51
130;240;87.37
130;288;68.06
130;368;45.24
130;389;53.63
130;455;74.79
130;470;44.94
131;10;29.60
131;26;19.46
131;43;32.81
131;69;21.32
131;106;9.12
131;109;78.42
131;224;11.15
131;242;6.84
131;272;77.28
131;278;81.93
131;283;65.12
131;335;52.22
131;373;70.41
131;430;57.84
131;438;43.84
131;475;50.22
131;479;22.88
131;495;32.01
132;5;12.59
132;10;37.62
132;34;60.38
132;60;12.31
132;93;62.26
132;106;18.31
132;172;71.27
132;185;68.58
132;239;40.94
132;296;59.78
132;302;65.48
132;304;74.55
132;321;54.39
132;323;84.99
132;348;7.25
132;373;34.67
132;430;46.03
132;436;55.99
132;475;54.70
132;488;23.82
133;1;15.63
133;25;77.77
133;44;8.82
133;100;72.32
133;103;55.15
133;169;49.57
133;209;29.23
133;238;71.19
133;255;9.20
133;301;37.93
133;366;23.24
133;418;88.76
133;434;87.61
133;451;10.56
133;468;32.50
133;481;68.82
134;59;59.34
134;81;77.78
134;124;13.74
134;201;21.62
134;354;66.37
134;426;36.52
135;29;49.60
135;32;20.16
135;63;64.65
135;90;72.64
135;97;62.05
135;130;41.80
135;173;83.39
135;188;40.51
135;218;85.89
135;240;2.14
135;287;42.31
135;288;52.49
135;331;87.13
135;356;65.00
135;395;57.75
135;455;76.97
135;498;26.62
136;5;14.43
136;6;18.06
136;19;83.65
136;27;50.46
136;60;68.83
136;93;7.37
136;121;2.80
136;166;42.83
136;172;11.42
136;185;25.41
136;227;64.35
136;296;74.36
136;302;17.96
136;306;1.44
136;321;23.88
136;333;79.18
136;347;67.77
136;348;63.91
136;396;10.89
137;57;35.53
137;70;26.25
137;98;88.32
137;111;46.89
137;138;27.18
137;153;88.31
137;160;64.70
137;175;2.22
137;191;26.01
137;198;38.14
137;275;43.12
137;313;78.39
137;370;18.00
137;375;28.11
137;397;84.07
138;68;33.80
138;70;73.45
138;98;70.74
138;111;34.90
138;137;27.18
138;155;72.59
138;175;42.03
138;189;2.31
138;194;69.02
138;198;29.87
138;251;1.10
138;275;53.78
138;295;4.52
138;317;64.79
138;370;69.02
138;397;35.79
138;417;69.54
138;467;30.89
139;28;43.34
139;30;85.87
139;76;16.15
139;140;15.31
139;154;12.68
139;186;7.10
139;231;86.73
139;297;17.07
139;334;62.25
139;353;85.91
139;379;89.73
139;392;52.24
139;447;29.71
139;454;73.18
139;466;74.93
140;28;29.64
140;30;13.03
140;76;18.09
140;139;15.31
140;149;20.35
140;211;10.76
140;231;27.03
140;297;38.14
140;346;71.81
140;353;73.76
140;392;3.38
140;405;60.97
140;427;32.32
140;447;50.14
140;457;74.68
140;466;8.49
141;61;65.11
141;105;82.81
141;155;67.98
141;189;7.47
141;194;22.14
141;251;52.82
141;269;9.55
141;278;71.77
141;352;12.85
141;394;50.43
141;397;20.96
141;467;14.94
141;479;74.41
142;47;75.28
142;62;46.68
142;80;58.25
142;120;73.34
142;158;54.47
142;213;86.50
142;232;17.86
142;290;48.63
142;432;44.39
143;20;87.32
143;36;64.25
143;66;32.22
143;88;89.34
143;95;17.42
143;120;61.95
143;290;39.50
143;448;78.28
143;474;36.93
143;496;56.99
143;499;76.95
144;43;13.71
144;69;48.84
144;101;55.56
144;180;4.16
144;224;18.32
144;237;23.62
144;283;39.84
144;308;44.21
144;495;62.85
145;8;84.60
145;12;56.09
145;41;42.60
145;52;33.35
145;87;52.15
145;91;18.95
145;221;35.11
145;234;62.75
145;253;9.27
145;323;35.65
145;336;59.43
145;344;21.47
145;357;64.06
145;364;33.94
145;399;5.04
145;431;26.40
145;488;82.24
145;497;54.49
146;33;20.24
146;35;8.77
146;113;53.47
146;170;43.87
146;187;63.89
146;203;55.92
146;217;53.54
146;235;43.86
146;277;65.38
146;338;84.21
146;374;23.19
146;443;82.24
146;452;80.89
146;463;63.71
147;85;14.98
147;86;65.44
147;118;75.05
147;165;19.87
147;167;14.89
147;195;79.25
147;197;49.04
147;280;16.62
147;281;4.83
147;311;14.07
147;318;28.47
147;322;79.60
147;327;11.89
147;332;67.21
147;345;45.29
147;367;20.44
147;450;89.89
148;79;19.13
148;104;37.62
148;108;15.14
148;184;12.69
148;233;1.22
148;342;45.55
148;355;64.85
148;383;60.20
148;453;46.15
148;473;44.15
148;485;38.98
149;30;58.39
149;112;69.77
149;140;20.35
149;211;79.99
149;284;69.02
149;297;68.06
149;306;75.85
149;346;69.11
149;405;68.87
149;427;15.14
149;447;31.83
149;454;23.58
150;25;58.18
150;27;12.06
150;44;42.02
150;103;62.31
150;119;64.37
150;121;64.91
150;153;89.21
150;227;65.47
150;238;85.20
150;243;7.51
150;255;67.04
150;263;85.51
150;301;56.53
150;313;35.58
150;319;60.93
150;366;69.49
150;396;11.83
150;418;15.00
150;468;59.77
150;481;47.60
151;9;54.56
151;48;25.67
151;65;72.37
151;163;51.78
151;190;25.57
151;200;27.33
151;210;14.68
151;291;80.70
151;320;27.06
151;330;25.36
151;340;47.40
151;376;38.33
151;377;34.62
151;413;26.24
151;456;15.19
151;469;57.57
151;471;41.04
151;484;88.33
151;490;1.33
152;3;86.06
152;14;76.77
152;55;55.87
152;61;30.80
152;72;29.62
152;105;19.24
152;254;61.93
152;278;75.75
152;315;5.99
152;352;58.42
152;368;61.55
152;389;57.73
152;421;37.75
152;440;38.97
153;27;63.48
153;57;22.99
153;70;46.02
153;111;7.09
153;115;47.90
153;119;25.87
153;137;88.31
153;150;89.21
153;160;59.43
153;191;82.85
153;238;1.84
153;243;25.41
153;313;52.25
153;375;35.41
153;411;85.16
153;418;44.86
153;468;48.86
154;8;5.83
154;28;65.82
154;112;62.19
154;139;12.68
154;221;48.76
154;253;89.07
154;297;80.01
154;334;5.27
154;379;37.67
154;399;75.71
154;431;43.36
154;454;87.59
154;480;11.00
155;68;61.35
155;105;89.17
155;138;72.59
155;141;67.98
155;189;7.76
155;194;67.11
155;251;53.60
155;269;66.12
155;275;84.14
155;295;78.19
155;317;87.88
155;352;10.52
155;370;66.89
155;372;53.61
155;394;72.04
155;397;70.89
155;416;9.87
155;417;40.20
155;467;46.49
156;25;3.52
156;44;4.45
156;103;52.47
156;166;82.28
156;227;63.05
156;241;73.78
156;263;73.62
156;267;30.52
156;319;79.18
156;328;8.42
156;341;21.14
156;396;2.65
156;446;2.17
156;481;11.22
156;492;49.94
157;15;49.49
157;56;56.74
157;92;66.88
157;108;47.62
157;122;43.66
157;183;15.69
157;202;2.37
157;261;89.51
157;286;9.93
157;293;53.87
157;349;26.85
157;383;37.70
157;412;45.49
157;449;83.81
157;453;73.28
157;485;9.07
158;47;13.91
158;62;14.54
158;80;48.18
158;142;54.47
158;171;1.07
158;232;83.13
158;249;89.31
158;307;4.40
158;406;32.72
158;432;52.46
158;472;45.67
158;486;65.53
159;67;42.55
159;84;69.13
159;163;37.56
159;177;29.90
159;226;21.03
159;282;30.38
159;326;66.24
159;439;22.23
159;442;8.27
159;458;6.50
159;477;74.59
159;484;44.69
159;490;49.54
160;57;56.63
160;70;48.67
160;98;64.15
160;111;2.10
160;115;18.00
160;119;20.31
160;137;64.70
160;153;59.43
160;175;16.41
160;191;60.43
160;243;50.34
160;313;27.42
160;370;63.88
160;375;52.79
160;411;35.34
161;39;1.77
161;58;39.30
161;75;34.24
161;94;82.09
161;127;19.16
161;176;54.99
161;210;17.40
161;244;69.50
161;266;68.27
161;291;64.85
161;316;40.01
161;329;9.73
161;339;12.41
161;403;64.45
161;408;47.02
161;409;13.50
161;435;2.14
161;489;9.76
162;16;85.06
162;98;9.03
162;110;26.78
162;115;41.86
162;119;17.36
162;126;25.88
162;175;13.74
162;198;74.17
162;199;46.44
162;230;54.08
162;245;46.36
162;260;41.07
162;273;76.56
162;375;42.38
162;493;27.16
163;48;82.40
163;65;60.80
163;75;84.33
163;94;48.16
163;151;51.78
163;159;37.56
163;210;31.99
163;291;7.04
163;316;88.49
163;320;58.65
163;330;71.81
163;340;59.27
163;439;55.70
163;456;52.38
163;484;43.87
163;490;77.08
164;79;58.38
164;108;16.92
164;114;37.33
164;165;69.17
164;184;51.37
164;195;20.59
164;228;52.78
164;276;87.93
164;280;46.64
164;281;23.02
164;311;31.52
164;327;76.68
164;345;6.32
164;355;3.16
164;385;32.82
164;450;2.98
164;473;15.56
164;476;9.71
165;64;50.28
165;86;87.16
165;122;50.59
165;147;19.87
165;164;69.17
165;183;9.60
165;202;88.84
165;261;30.51
165;280;22.92
165;281;72.22
165;311;60.03
165;327;26.38
165;332;74.17
165;450;13.31
166;6;72.17
166;19;29.30
166;112;9.14
166;136;42.83
166;156;82.28
166;211;15.37
166;227;84.82
166;302;84.68
166;306;7.66
166;321;30.88
166;341;46.45
166;346;82.31
166;347;15.66
166;396;32.62
166;446;17.91
166;454;12.74
167;85;39.87
167;118;58.04
167;147;14.89
167;195;87.41
167;197;63.76
167;281;38.34
167;311;36.28
167;318;2.84
167;322;67.24
167;327;80.75
167;332;52.70
167;345;66.80
167;367;17.65
168;107;46.09
168;186;53.37
168;294;33.73
168;433;9.51
168;482;59.03
168;487;72.80
169;1;27.02
169;44;25.06
169;100;29.49
169;115;78.13
169;119;67.66
169;123;64.62
169;133;49.57
169;209;65.79
169;238;25.37
169;243;65.52
169;255;87.36
169;273;68.37
169;301;49.73
169;313;74.31
169;366;9.73
169;375;41.57
169;378;60.60
169;418;46.81
169;451;18.94
169;468;6.22
170;0;89.75
170;33;6.38
170;35;35.08
170;113;37.25
170;146;43.87
170;203;47.24
170;217;75.57
170;235;63.12
170;277;49.39
170;338;40.93
170;374;56.12
170;443;61.75
170;452;4.57
170;463;68.23
170;494;65.18
171;62;37.33
171;80;83.43
171;158;1.07
171;249;36.56
171;307;84.90
171;358;88.35
171;428;60.05
171;434;48.24
171;472;61.55
171;486;25.55
171;492;8.45
172;5;12.61
172;6;4.87
172;19;36.73
172;27;16.58
172;60;56.26
172;93;27.32
172;121;60.83
172;132;71.27
172;136;11.42
172;185;89.18
172;239;23.53
172;296;80.70
172;302;5.53
172;304;68.06
172;321;75.93
172;323;3.39
172;333;31.31
172;344;78.46
172;347;3.71
172;348;45.69
172;373;36.09
172;436;22.23
173;29;8.45
173;72;69.14
173;97;63.24
173;125;46.74
173;130;71.87
173;135;83.39
173;188;39.37
173;240;59.44
173;288;75.42
173;331;78.80
173;388;72.25
173;395;48.03
173;455;9.99
173;470;37.41
173;498;5.48
174;38;49.88
174;46;38.43
174;71;63.43
174;182;75.43
174;192;84.53
174;204;26.29
174;207;82.14
174;305;62.36
174;325;28.08
174;382;58.19
174;384;36.15
174;404;70.38
174;410;38.22
174;414;22.58
174;465;54.69
175;16;52.61
175;57;60.36
175;68;72.84
175;70;26.21
175;98;40.11
175;110;34.09
175;111;5.15
175;115;29.02
175;119;13.02
175;126;45.71
175;137;2.22
175;138;42.03
175;160;16.41
175;162;13.74
175;191;79.72
175;198;52.82
175;199;72.08
175;245;81.19
175;260;78.87
175;275;61.54
175;370;4.92
175;375;82.92
175;417;5.86
175;493;14.93
176;39;9.24
176;64;16.75
176;86;32.29
176;118;59.08
176;161;54.99
176;197;41.57
176;244;36.19
176;266;53.48
176;289;60.14
176;322;3.61
176;332;32.29
176;339;88.68
176;393;46.45
176;403;63.70
176;409;68.15
176;435;5.83
177;7;78.80
177;49;46.05
177;53;82.50
177;67;2.26
177;77;41.30
177;84;47.07
177;159;29.90
177;208;43.73
177;220;5.47
177;226;29.47
177;229;53.38
177;326;56.26
177;415;53.67
177;442;74.22
177;458;89.13
177;477;9.26
177;478;66.24
178;49;40.15
178;222;81.72
178;312;41.30
178;415;22.31
179;17;56.95
179;54;3.37
179;74;63.73
179;216;51.64
179;247;9.66
179;256;80.09
179;279;56.90
179;303;1.76
179;357;39.82
179;363;62.58
179;390;83.22
179;461;48.78
179;491;83.98
179;497;54.56
180;11;64.12
180;42;52.48
180;101;46.49
180;144;4.16
180;181;10.80
180;237;57.46
180;248;71.99
180;257;34.84
180;298;67.83
180;308;31.03
180;495;24.57
181;11;62.97
181;21;22.32
181;31;14.59
181;42;32.27
181;89;8.61
181;180;10.80
181;193;68.36
181;248;63.33
181;257;61.61
181;265;57.97
181;271;10.81
181;298;81.93
181;308;71.29
182;38;59.22
182;45;51.69
182;174;75.43
182;192;11.53
182;204;58.98
182;305;68.05
182;325;19.18
182;382;73.26
182;384;41.48
182;404;55.33
182;410;55.96
182;414;35.46
182;465;49.31
183;15;11.42
183;56;29.75
183;64;59.66
183;86;34.83
183;92;81.99
183;122;63.60
183;157;15.69
183;165;9.60
183;190;23.79
183;202;52.39
183;261;61.29
183;280;34.10
183;332;1.86
183;450;78.07
184;79;47.40
184;108;8.76
184;148;12.69
184;164;51.37
184;228;59.40
184;276;44.54
184;342;42.52
184;355;19.19
184;385;17.85
184;402;75.39
184;473;8.09
184;476;59.31
185;5;31.45
185;6;59.51
185;12;26.99
185;19;16.55
185;41;59.09
185;60;84.84
185;93;31.67
185;132;68.58
185;136;25.41
185;172;89.18
185;221;6.13
185;234;14.74
185;239;73.88
185;296;53.38
185;302;76.25
185;306;21.46
185;321;56.73
185;323;33.88
185;333;38.55
185;344;21.93
185;347;37.62
185;348;88.04
185;399;81.88
185;431;26.49
185;488;80.15
186;28;35.37
186;76;19.91
186;96;33.74
186;107;1.89
186;139;7.10
186;168;53.37
186;294;56.79
186;300;20.94
186;334;38.56
186;353;58.23
186;379;6.39
186;391;47.16
186;392;55.15
186;433;38.39
186;466;57.15
186;482;8.19
186;487;5.79
187;33;65.06
187;35;30.02
187;37;33.49
187;113;46.62
187;146;63.89
187;203;73.55
187;206;39.49
187;217;52.18
187;338;6.26
187;351;16.49
187;374;67.59
187;380;72.40
187;398;78.92
187;452;69.16
188;29;70.42
188;32;48.55
188;72;37.01
188;97;34.22
188;125;7.18
188;130;21.05
188;135;40.51
188;173;39.37
188;218;73.15
188;240;47.33
188;288;50.20
188;331;2.27
188;368;37.68
188;388;23.30
188;389;50.77
188;455;76.78
188;470;20.06
188;498;36.86
189;26;33.33
189;70;2.35
189;111;17.79
189;138;2.31
189;141;7.47
189;155;7.76
189;194;4.10
189;242;6.76
189;251;63.24
189;269;46.63
189;275;81.13
189;278;76.11
189;335;53.06
189;352;76.15
189;370;61.78
189;397;54.76
189;467;16.70
189;475;13.16
189;479;76.36
190;9;85.42
190;48;65.64
190;56;20.70
190;64;39.49
190;151;25.57
190;183;23.79
190;200;50.65
190;261;52.01
190;289;72.06
190;292;55.90
190;320;40.49
190;376;78.04
190;377;40.14
190;413;69.75
190;449;25.57
190;456;41.64
190;469;20.68
191;57;73.81
191;70;36.97
191;98;10.71
191;111;1.79
191;115;75.62
191;119;2.56
191;137;26.01
191;153;82.85
191;160;60.43
191;175;79.72
191;243;58.99
191;273;88.14
191;313;38.90
191;370;13.44
191;375;59.38
192;22;24.22
192;45;26.78
192;82;25.42
192;174;84.53
192;182;11.53
192;305;26.64
192;325;38.42
192;384;4.40
192;404;79.11
192;410;32.87
192;414;80.81
192;429;73.38
192;441;7.45
192;465;10.77
193;11;21.87
193;21;22.85
193;31;55.84
193;42;78.74
193;63;37.37
193;89;15.65
193;181;68.36
193;236;60.30
193;248;4.07
193;257;10.42
193;265;41.48
193;271;54.87
193;298;84.39
194;61;9.51
194;105;36.50
194;138;69.02
194;141;22.14
194;155;67.11
194;189;4.10
194;251;15.34
194;269;18.70
194;275;7.79
194;278;49.63
194;335;41.94
194;352;53.89
194;370;8.11
194;397;46.66
194;467;88.01
194;479;21.83
195;114;8.42
195;147;79.25
195;164;20.59
195;167;87.41
195;276;36.91
195;281;8.56
195;311;59.11
195;327;20.09
195;345;7.40
195;476;48.60
196;13;47.75
196;58;29.69
196;99;52.54
196;270;80.26
196;282;25.31
196;316;19.71
196;365;24.97
196;439;66.18
196;444;82.21
196;458;3.76
196;460;71.82
196;489;84.15
197;85;72.98
197;118;33.48
197;147;49.04
197;167;63.76
197;176;41.57
197;244;32.79
197;262;3.65
197;266;63.27
197;318;30.32
197;322;50.92
197;367;57.25
197;393;71.75
198;16;35.30
198;68;20.73
198;70;48.62
198;98;43.04
198;110;85.77
198;111;68.07
198;126;74.63
198;137;38.14
198;138;29.87
198;162;74.17
198;175;52.82
198;199;25.55
198;245;34.56
198;260;42.96
198;275;58.61
198;295;63.08
198;317;40.24
198;370;18.97
198;375;67.29
198;417;19.53
199;16;58.53
199;98;4.99
199;110;83.54
199;126;76.62
199;162;46.44
199;175;72.08
199;198;25.55
199;245;24.93
199;260;22.61
199;317;62.58
199;376;7.66
199;413;52.50
199;469;13.76
199;493;84.04
200;9;40.11
200;15;88.94
200;56;86.56
200;151;27.33
200;190;50.65
200;292;30.26
200;376;76.95
200;377;28.77
200;413;61.95
200;449;14.88
200;456;66.04
200;469;63.62
201;59;43.80
201;81;10.92
201;134;21.62
201;324;84.95
201;423;73.41
201;426;80.08
202;15;58.94
202;79;46.97
202;92;63.94
202;108;50.22
202;122;28.47
202;157;2.37
202;165;88.84
202;183;52.39
202;261;61.71
202;280;60.32
202;383;64.09
202;450;63.90
202;453;61.96
202;485;44.59
203;33;17.40
203;113;18.10
203;146;55.92
203;170;47.24
203;187;73.55
203;217;85.38
203;235;14.23
203;277;45.56
203;338;56.01
203;374;56.33
203;443;87.46
203;452;85.23
204;38;35.13
204;46;68.14
204;71;86.79
204;174;26.29
204;182;58.98
204;205;78.23
204;207;29.70
204;325;54.25
204;382;43.42
204;384;16.52
204;404;82.25
204;414;65.10
204;441;71.50
204;465;25.46
205;46;59.99
205;71;20.70
205;204;78.23
205;207;32.60
205;325;87.96
205;384;74.69
205;441;61.51
205;465;44.97
206;0;79.46
206;33;85.35
206;35;22.46
206;37;72.23
206;51;3.76
206;128;52.37
206;187;39.49
206;217;77.96
206;259;54.04
206;351;46.13
206;374;5.52
206;380;33.14
206;398;21.68
206;463;19.99
207;38;26.35
207;46;41.33
207;59;46.46
207;71;18.21
207;124;45.69
207;174;82.14
207;204;29.70
207;205;32.60
207;354;64.62
207;384;56.53
207;404;24.04
207;465;70.72
208;7;74.88
208;49;89.62
208;53;47.65
208;77;48.55
208;84;31.09
208;177;43.73
208;220;14.97
208;222;47.14
208;226;45.78
208;229;42.19
208;326;88.35
208;415;59.79
