source;target;label
0;5;86.02
1;375;89.99
2;309;89.04
2;45;89.79
3;50;89.20
3;39;89.36
4;373;89.82
4;312;89.95
4;441;89.74
4;80;88.48
5;0;86.02
5;397;89.00
5;269;88.88
6;389;89.92
6;310;89.57
7;116;89.48
7;194;88.77
7;354;87.22
8;453;88.50
9;202;89.46
9;141;89.03
10;160;87.93
11;247;88.49
11;494;89.36
12;486;89.01
13;88;86.99
14;496;89.14
14;35;88.58
15;66;88.76
16;80;88.52
17;112;88.83
18;338;89.29
18;375;89.36
18;130;89.33
19;440;89.66
20;385;88.79
21;38;89.92
21;122;89.50
21;40;88.94
21;92;88.81
21;359;88.16
22;262;89.40
23;425;87.80
24;212;89.89
25;325;87.67
26;189;89.60
26;273;88.77
27;425;88.95
27;51;88.53
27;135;88.47
27;248;82.47
28;189;89.89
29;424;89.23
29;42;87.57
29;377;87.41
30;189;88.47
30;423;89.66
30;99;88.23
30;446;86.35
31;212;89.47
31;127;89.23
32;488;89.67
32;190;89.07
32;253;88.70
33;68;86.04
34;118;89.64
34;287;88.35
35;14;88.58
35;485;89.09
36;338;88.08
37;47;88.91
37;321;89.69
38;151;89.65
38;21;89.92
38;297;89.18
38;90;89.13
38;81;87.84
38;460;87.59
39;3;89.36
39;212;89.04
40;21;88.94
40;236;88.01
41;215;88.87
41;278;89.06
42;29;87.57
43;474;89.31
43;370;89.88
43;393;89.72
43;262;89.23
43;420;89.18
44;64;88.90
45;2;89.79
46;238;89.87
46;218;89.88
47;98;88.75
47;37;88.91
47;176;88.68
47;292;87.75
48;331;89.08
48;230;89.95
49;270;89.45
50;87;89.60
50;227;89.37
50;3;89.20
51;27;88.53
52;461;89.29
53;56;86.37
54;79;88.61
55;194;88.76
55;277;89.86
55;244;86.84
56;344;88.90
56;202;89.34
56;83;89.27
56;238;88.82
56;186;88.53
56;300;88.05
56;53;86.37
57;265;87.12
58;433;88.63
59;286;89.17
59;79;89.72
60;121;87.39
61;370;89.04
61;459;89.98
61;344;89.95
61;97;89.85
61;353;89.36
61;209;89.20
62;189;84.82
63;487;88.99
64;436;89.58
64;171;89.94
64;44;88.90
64;308;88.31
65;438;87.30
66;292;89.14
66;15;88.76
67;365;88.95
68;290;88.83
68;193;89.02
68;401;88.15
68;33;86.04
68;71;85.56
69;315;89.72
69;199;89.46
70;237;88.19
70;329;87.03
71;68;85.56
72;127;89.16
73;175;86.53
74;227;89.21
74;286;89.82
74;259;89.67
75;395;87.72
75;447;89.56
76;327;89.50
76;117;89.75
76;167;88.96
77;106;88.23
77;435;89.77
77;268;87.17
78;260;89.19
78;349;89.96
79;59;89.72
79;106;89.08
79;328;88.93
79;54;88.61
80;4;88.48
80;385;88.96
80;16;88.52
81;38;87.84
82;264;89.60
82;120;89.99
82;482;89.60
83;56;89.27
83;426;89.28
84;319;89.94
84;386;89.24
84;317;87.93
85;347;88.43
86;209;89.61
86;136;89.76
87;101;89.86
87;50;89.60
87;337;89.13
87;187;88.90
88;233;89.63
88;418;88.71
88;13;86.99
89;492;89.10
89;162;88.56
90;38;89.13
91;331;89.54
92;21;88.81
92;138;89.59
92;242;89.50
92;160;89.07
93;160;89.16
93;231;89.67
94;139;88.25
94;95;87.68
95;94;87.68
96;167;88.75
96;113;88.89
97;61;89.85
97;165;89.66
97;221;87.51
98;414;88.70
98;47;88.75
99;30;88.23
99;356;87.71
100;392;89.01
101;473;88.84
101;87;89.86
101;166;87.27
102;419;86.10
103;399;88.38
104;474;88.36
105;317;88.26
105;220;88.28
105;177;87.04
106;79;89.08
106;77;88.23
107;147;89.51
107;320;89.62
107;252;89.58
107;388;88.41
108;422;89.40
108;325;89.90
108;451;89.29
108;491;88.83
109;400;87.23
109;360;87.54
110;451;88.93
110;274;88.97
111;312;88.67
111;449;89.36
112;367;88.85
112;17;88.83
112;205;88.46
113;96;88.89
113;241;87.91
114;217;88.92
114;264;89.90
114;279;89.81
115;157;89.82
115;472;89.39
115;351;89.11
116;418;89.42
116;7;89.48
117;76;89.75
118;473;89.54
118;34;89.64
119;135;86.96
120;82;89.99
121;130;88.91
121;436;89.60
121;157;89.51
121;60;87.39
122;21;89.50
122;391;88.68
122;342;88.03
123;228;87.78
123;154;88.04
124;240;88.15
124;181;88.04
125;397;89.07
125;330;89.42
125;382;89.31
126;224;88.93
126;235;88.58
127;31;89.23
127;72;89.16
127;461;88.62
128;284;89.95
128;469;87.17
129;295;88.71
129;316;89.05
130;18;89.33
130;121;88.91
130;496;88.64
131;160;88.32
132;413;89.01
133;477;88.06
133;458;88.89
134;466;89.23
135;27;88.47
135;119;86.96
136;86;89.76
136;179;89.68
137;459;88.00
138;92;89.59
138;486;87.14
139;251;88.77
139;492;88.37
139;94;88.25
139;188;87.89
140;330;89.04
140;453;89.47
141;9;89.03
142;184;87.63
142;222;88.48
143;432;89.33
143;438;89.25
143;146;88.90
144;180;88.29
145;179;89.82
145;402;89.99
146;143;88.90
146;280;89.44
147;487;89.73
147;107;89.51
148;490;88.44
148;378;83.15
149;417;89.76
150;245;89.03
150;309;89.40
151;483;88.58
151;38;89.65
152;470;89.60
153;413;87.96
153;288;84.94
154;123;88.04
155;165;83.44
156;169;88.46
157;121;89.51
157;115;89.82
157;267;87.93
158;356;86.46
158;430;83.21
159;335;88.80
160;92;89.07
160;93;89.16
160;131;88.32
160;10;87.93
161;263;88.70
162;89;88.56
163;350;87.97
164;455;88.90
165;97;89.66
165;155;83.44
166;101;87.27
167;76;88.96
167;96;88.75
168;207;89.90
169;495;89.96
169;226;89.57
169;156;88.46
170;425;88.94
171;64;89.94
171;314;87.63
172;449;89.10
173;267;89.35
173;183;89.97
174;282;88.81
174;434;89.27
175;474;89.89
175;73;86.53
176;47;88.68
176;195;89.47
177;105;87.04
178;299;87.68
179;136;89.68
179;145;89.82
179;233;89.48
180;228;89.54
180;144;88.29
181;124;88.04
182;497;87.86
183;173;89.97
183;384;88.87
183;302;84.48
184;413;89.42
184;352;89.95
184;327;89.64
184;142;87.63
185;388;87.97
185;223;88.90
186;56;88.53
187;87;88.90
188;139;87.89
188;296;89.66
188;381;88.60
189;451;88.61
189;28;89.89
189;26;89.60
189;392;89.08
189;362;88.49
189;30;88.47
189;455;88.12
189;341;86.58
189;62;84.82
190;32;89.07
190;270;88.93
191;453;88.38
191;457;89.18
192;311;88.35
193;68;89.02
194;7;88.77
194;265;89.27
194;326;88.93
194;55;88.76
195;176;89.47
195;475;89.03
195;366;87.02
196;344;89.40
197;265;89.80
198;333;89.04
198;473;89.84
199;69;89.46
199;333;89.54
200;293;87.24
201;390;89.31
201;437;88.37
202;56;89.34
202;9;89.46
203;355;89.95
203;291;89.42
203;346;88.57
203;428;88.25
204;286;89.43
205;112;88.46
206;409;89.89
207;328;89.31
207;365;89.92
207;168;89.90
208;221;87.12
209;61;89.20
209;86;89.61
210;263;88.76
211;263;88.40
211;281;89.97
212;39;89.04
212;24;89.89
212;31;89.47
213;414;89.56
213;282;89.81
214;357;87.93
215;263;88.77
215;219;89.48
215;331;88.95
215;41;88.87
216;225;89.31
217;233;89.86
217;114;88.92
218;46;89.88
219;215;89.48
219;332;89.86
219;408;88.69
220;105;88.28
221;97;87.51
221;208;87.12
222;142;88.48
223;185;88.90
224;228;89.50
224;126;88.93
225;496;89.03
225;216;89.31
225;394;84.31
226;169;89.57
226;389;88.17
226;442;87.53
227;50;89.37
227;74;89.21
228;472;89.57
228;180;89.54
228;224;89.50
228;123;87.78
229;237;89.97
229;403;88.14
230;48;89.95
231;93;89.67
231;251;87.97
232;480;88.99
232;246;87.72
233;179;89.48
233;217;89.86
233;88;89.63
234;420;88.06
234;467;89.92
235;126;88.58
236;40;88.01
237;397;88.98
237;229;89.97
237;488;89.09
237;70;88.19
238;56;88.82
238;46;89.87
238;284;89.57
238;404;89.15
238;405;88.27
239;454;87.82
240;349;88.91
240;124;88.15
241;113;87.91
241;462;87.26
241;363;87.02
242;92;89.50
242;409;87.97
243;315;86.14
244;55;86.84
245;259;89.73
245;150;89.03
246;232;87.72
247;365;89.10
247;11;88.49
248;27;82.47
249;294;89.39
249;283;89.67
250;299;88.66
251;231;87.97
251;139;88.77
252;107;89.58
253;32;88.70
254;349;89.39
255;292;89.22
256;318;89.00
257;437;88.81
258;291;89.92
258;498;86.25
259;74;89.67
259;245;89.73
259;376;89.38
260;484;88.66
260;78;89.19
261;465;88.98
262;43;89.23
262;22;89.40
263;413;88.96
263;338;89.56
263;215;88.77
263;210;88.76
263;161;88.70
263;211;88.40
264;114;89.90
264;82;89.60
265;194;89.27
265;197;89.80
265;499;88.69
265;57;87.12
266;278;89.75
267;157;87.93
267;415;89.42
267;173;89.35
267;421;88.77
268;77;87.17
269;5;88.88
270;190;88.93
270;490;89.87
270;49;89.45
270;271;88.70
270;439;88.18
271;270;88.70
272;477;88.98
272;324;88.07
273;26;88.77
274;110;88.97
275;362;87.24
276;407;89.87
276;303;89.57
276;471;88.94
277;55;89.86
278;41;89.06
278;266;89.75
279;114;89.81
279;318;88.06
280;146;89.44
280;474;89.77
280;336;89.66
281;211;89.97
281;448;89.65
282;213;89.81
282;174;88.81
282;489;88.81
282;313;88.74
283;249;89.67
284;238;89.57
284;128;89.95
285;475;88.49
286;74;89.82
286;204;89.43
286;59;89.17
287;34;88.35
288;153;84.94
289;308;88.96
289;493;88.62
289;450;84.06
290;335;89.59
290;68;88.83
291;203;89.42
291;258;89.92
292;47;87.75
292;255;89.22
292;66;89.14
293;392;89.61
293;357;89.56
293;443;88.86
293;200;87.24
293;444;87.11
294;313;89.24
294;249;89.39
294;479;88.80
295;332;88.48
295;129;88.71
296;188;89.66
296;374;87.25
297;38;89.18
298;340;89.84
299;415;88.96
299;250;88.66
299;178;87.68
300;56;88.05
301;474;88.50
302;183;84.48
303;276;89.57
303;417;89.27
304;404;88.95
305;490;89.78
305;495;89.35
306;355;89.36
307;464;89.22
308;64;88.31
308;289;88.96
309;150;89.40
309;2;89.04
310;6;89.57
310;407;89.68
311;438;89.18
311;413;88.89
311;192;88.35
311;463;86.72
312;4;89.95
312;111;88.67
313;282;88.74
313;294;89.24
314;171;87.63
314;412;88.23
315;383;88.97
315;69;89.72
315;243;86.14
316;129;89.05
317;84;87.93
317;105;88.26
318;279;88.06
318;256;89.00
319;436;89.60
319;84;89.94
320;107;89.62
321;37;89.69
322;477;89.27
323;433;88.95
324;272;88.07
325;108;89.90
325;25;87.67
326;194;88.93
327;184;89.64
327;76;89.50
327;400;88.92
328;79;88.93
328;339;89.80
328;207;89.31
329;70;87.03
330;125;89.42
330;140;89.04
331;215;88.95
331;91;89.54
331;48;89.08
332;219;89.86
332;295;88.48
333;199;89.54
333;198;89.04
334;466;89.47
335;436;88.51
335;343;89.65
335;290;89.59
335;159;88.80
336;280;89.66
337;87;89.13
338;263;89.56
338;18;89.29
338;36;88.08
339;328;89.80
339;484;88.10
340;480;88.87
340;298;89.84
340;364;89.09
340;419;88.29
341;189;86.58
342;122;88.03
343;335;89.65
344;61;89.95
344;196;89.40
344;56;88.90
345;401;89.35
346;203;88.57
347;481;88.60
347;85;88.43
348;489;88.84
349;78;89.96
349;254;89.39
349;240;88.91
350;404;87.69
350;163;87.97
351;115;89.11
352;184;89.95
353;61;89.36
354;7;87.22
355;454;89.12
355;203;89.95
355;306;89.36
356;99;87.71
356;158;86.46
357;293;89.56
357;214;87.93
358;488;88.57
358;398;88.06
359;21;88.16
359;416;89.11
360;109;87.54
361;420;89.30
362;189;88.49
362;275;87.24
363;241;87.02
364;340;89.09
365;207;89.92
365;247;89.10
365;67;88.95
366;195;87.02
367;470;89.83
367;112;88.85
368;376;88.35
369;482;88.81
370;43;89.88
370;61;89.04
371;471;89.42
371;399;89.83
372;393;89.78
372;433;89.68
373;420;89.03
373;4;89.82
373;497;89.13
374;296;87.25
375;18;89.36
375;1;89.99
375;481;88.85
376;259;89.38
376;368;88.35
377;29;87.41
378;148;83.15
379;443;89.31
379;383;89.86
380;481;88.27
381;188;88.60
381;431;89.58
382;125;89.31
383;379;89.86
383;315;88.97
384;183;88.87
385;80;88.96
385;20;88.79
386;84;89.24
386;440;89.35
387;419;89.81
388;107;88.41
388;185;87.97
389;226;88.17
389;6;89.92
390;408;89.43
390;201;89.31
391;122;88.68
392;189;89.08
392;293;89.61
392;100;89.01
393;43;89.72
393;372;89.78
394;225;84.31
395;477;89.08
395;75;87.72
396;421;89.38
397;5;89.00
397;125;89.07
397;237;88.98
398;358;88.06
399;371;89.83
399;103;88.38
400;327;88.92
400;422;89.82
400;109;87.23
401;68;88.15
401;345;89.35
402;145;89.99
402;483;88.65
403;229;88.14
404;238;89.15
404;304;88.95
404;350;87.69
405;238;88.27
406;468;89.82
407;310;89.68
407;276;89.87
407;476;88.79
407;425;88.50
408;219;88.69
408;390;89.43
409;242;87.97
409;206;89.89
410;466;88.28
411;481;87.59
412;314;88.23
413;311;88.89
413;184;89.42
413;132;89.01
413;263;88.96
413;153;87.96
414;453;89.85
414;213;89.56
414;98;88.70
415;267;89.42
415;299;88.96
416;359;89.11
417;303;89.27
417;149;89.76
418;88;88.71
418;116;89.42
419;340;88.29
419;387;89.81
419;102;86.10
420;43;89.18
420;361;89.30
420;373;89.03
420;234;88.06
421;267;88.77
421;396;89.38
422;400;89.82
422;108;89.40
423;30;89.66
424;465;88.66
424;29;89.23
425;407;88.50
425;27;88.95
425;170;88.94
425;23;87.80
426;83;89.28
426;478;88.59
427;447;85.35
428;203;88.25
429;472;88.29
430;158;83.21
431;381;89.58
432;479;89.70
432;143;89.33
433;372;89.68
433;323;88.95
433;58;88.63
434;174;89.27
435;77;89.77
436;121;89.60
436;319;89.60
436;64;89.58
436;335;88.51
437;201;88.37
437;257;88.81
438;143;89.25
438;311;89.18
438;65;87.30
439;270;88.18
439;445;89.35
440;386;89.35
440;19;89.66
440;487;88.79
441;4;89.74
442;226;87.53
443;293;88.86
443;379;89.31
443;480;88.07
444;293;87.11
445;439;89.35
446;30;86.35
447;75;89.56
447;427;85.35
448;281;89.65
449;111;89.36
449;172;89.10
450;289;84.06
451;108;89.29
451;110;88.93
451;189;88.61
452;483;87.84
453;140;89.47
453;414;89.85
453;8;88.50
453;191;88.38
454;497;89.47
454;355;89.12
454;239;87.82
455;189;88.12
455;164;88.90
456;486;89.77
457;191;89.18
458;133;88.89
459;61;89.98
459;137;88.00
460;38;87.59
461;127;88.62
461;52;89.29
462;241;87.26
463;311;86.72
464;482;89.35
464;307;89.22
465;475;88.73
465;261;88.98
465;424;88.66
466;489;89.32
466;334;89.47
466;134;89.23
466;410;88.28
467;234;89.92
468;482;89.71
468;406;89.82
469;128;87.17
470;489;88.92
470;367;89.83
470;152;89.60
471;276;88.94
471;371;89.42
472;115;89.39
472;228;89.57
472;429;88.29
473;198;89.84
473;118;89.54
473;101;88.84
474;280;89.77
474;175;89.89
474;43;89.31
474;301;88.50
474;104;88.36
475;195;89.03
475;465;88.73
475;285;88.49
476;407;88.79
477;491;89.77
477;322;89.27
477;395;89.08
477;272;88.98
477;133;88.06
478;426;88.59
479;294;88.80
479;432;89.70
480;443;88.07
480;232;88.99
480;340;88.87
481;375;88.85
481;347;88.60
481;380;88.27
481;411;87.59
482;82;89.60
482;468;89.71
482;464;89.35
482;369;88.81
483;402;88.65
483;151;88.58
483;452;87.84
484;339;88.10
484;260;88.66
485;35;89.09
486;138;87.14
486;456;89.77
486;12;89.01
487;440;88.79
487;147;89.73
487;63;88.99
488;237;89.09
488;32;89.67
488;358;88.57
489;282;88.81
489;466;89.32
489;470;88.92
489;348;88.84
490;270;89.87
490;305;89.78
490;148;88.44
491;108;88.83
491;477;89.77
492;139;88.37
492;89;89.10
493;289;88.62
494;11;89.36
495;305;89.35
495;169;89.96
496;130;88.64
496;14;89.14
496;225;89.03
497;373;89.13
497;454;89.47
497;182;87.86
498;258;86.25
499;265;88.69
