source;target;label
0;1;15.37
0;2;34.78
0;11;53.30
0;13;78.15
0;14;88.84
0;15;40.44
0;18;53.18
0;19;80.63
0;23;68.54
0;30;37.27
0;32;43.44
0;33;32.87
0;34;25.47
0;38;82.16
0;43;27.20
0;51;57.63
0;55;49.14
0;57;49.40
0;58;38.08
0;60;61.94
0;68;78.70
0;72;20.19
0;74;85.37
0;80;69.97
0;90;69.88
0;91;56.52
0;92;39.37
0;97;81.27
0;99;73.94
0;5;13.86
0;7;35.45
0;17;89.31
0;25;35.91
0;28;42.42
0;39;5.23
0;45;80.05
0;49;42.83
0;52;21.69
0;54;70.53
0;61;40.81
0;66;75.81
0;67;89.80
0;69;13.67
0;73;89.76
0;76;4.86
0;77;71.75
0;82;16.26
0;86;73.88
0;87;7.08
0;98;66.95
1;0;15.37
1;2;51.14
1;5;26.60
1;6;30.90
1;7;15.59
1;8;53.26
1;9;72.40
1;11;69.43
1;13;80.32
1;20;17.61
1;29;58.70
1;30;74.46
1;34;45.39
1;35;47.43
1;39;45.94
1;44;20.14
1;52;46.77
1;53;29.51
1;54;35.35
1;55;57.60
1;64;72.32
1;65;72.46
1;75;39.17
1;80;26.49
1;84;54.59
1;86;55.59
1;94;8.93
1;95;8.96
1;96;2.33
1;99;13.82
1;3;88.58
1;10;48.76
1;12;89.67
1;14;79.41
1;18;75.54
1;26;73.44
1;27;30.89
1;28;81.80
1;37;65.30
1;38;36.48
1;40;39.47
1;43;46.06
1;49;7.40
1;57;57.34
1;62;11.30
1;63;78.68
1;70;66.41
1;72;78.97
1;76;19.48
1;83;30.13
1;88;62.48
1;90;63.92
1;91;88.67
1;93;3.96
1;97;81.31
2;0;34.78
2;1;51.14
2;6;29.11
2;9;21.42
2;10;16.35
2;13;17.99
2;16;58.91
2;21;7.65
2;23;65.08
2;24;84.82
2;28;11.13
2;30;40.51
2;35;41.13
2;36;82.63
2;42;54.35
2;43;42.54
2;44;52.36
2;45;40.14
2;46;40.75
2;52;81.24
2;58;42.00
2;61;66.87
2;62;40.68
2;64;23.41
2;70;16.89
2;71;28.96
2;80;34.95
2;83;86.80
2;84;29.82
2;85;65.45
2;89;65.07
2;93;74.11
2;99;29.61
2;3;36.16
2;4;86.25
2;5;36.91
2;7;64.02
2;14;55.04
2;27;75.41
2;31;25.65
2;33;25.90
2;40;7.03
2;54;9.21
2;55;36.68
2;69;67.50
2;72;14.71
2;95;61.39
2;97;8.20
2;98;50.36
3;1;88.58
3;2;36.16
3;4;15.83
3;5;36.65
3;8;62.96
3;9;73.68
3;21;63.51
3;23;67.65
3;27;30.45
3;30;81.55
3;33;51.29
3;34;26.65
3;41;36.08
3;43;8.06
3;51;42.63
3;54;31.87
3;58;26.46
3;64;63.00
3;65;14.22
3;71;81.40
3;75;16.98
3;77;86.21
3;78;38.55
3;84;46.32
3;87;3.05
3;89;76.68
3;90;11.35
3;92;72.51
3;93;85.27
3;94;84.89
3;99;73.44
3;11;61.30
3;14;32.29
3;19;83.70
3;24;72.14
3;25;39.31
3;29;9.60
3;32;37.03
3;36;58.62
3;40;29.31
3;42;33.77
3;46;14.01
3;52;40.15
3;55;67.21
3;57;1.34
3;60;28.48
3;62;61.79
3;63;87.07
3;67;25.72
3;68;30.31
3;69;56.20
3;79;55.13
3;81;37.61
3;85;89.92
3;95;70.44
4;3;15.83
4;2;86.25
4;6;38.64
4;10;33.04
4;12;12.55
4;14;26.31
4;17;70.73
4;18;68.00
4;19;42.31
4;20;58.55
4;25;6.24
4;27;19.83
4;30;1.56
4;33;49.42
4;34;55.82
4;36;59.62
4;37;66.69
4;46;28.61
4;47;43.62
4;52;58.17
4;53;69.78
4;56;64.09
4;60;70.12
4;61;14.25
4;69;32.39
4;73;79.46
4;77;88.93
4;83;76.97
4;84;67.18
4;87;21.83
4;90;58.43
4;95;24.80
4;96;89.76
4;98;38.48
4;8;54.60
4;11;70.31
4;23;68.78
4;38;47.73
4;39;17.70
4;49;15.29
4;54;72.09
4;57;88.23
4;59;51.52
4;62;64.53
4;63;58.32
4;65;71.56
4;67;38.72
4;75;77.12
4;79;79.30
4;85;12.52
4;91;55.70
5;1;26.60
5;3;36.65
5;0;13.86
5;2;36.91
5;16;56.06
5;18;75.07
5;19;36.47
5;21;75.34
5;24;22.29
5;28;10.62
5;30;49.43
5;34;38.07
5;35;64.61
5;37;25.82
5;38;34.96
5;44;28.34
5;47;89.79
5;52;18.28
5;53;41.90
5;59;88.11
5;61;24.33
5;65;77.47
5;66;10.84
5;69;41.55
5;75;46.49
5;81;49.84
5;85;6.82
5;89;83.59
5;90;58.09
5;94;75.85
5;96;23.21
5;98;39.78
5;6;87.12
5;8;50.99
5;12;14.72
5;13;83.41
5;22;11.83
5;25;18.61
5;26;43.75
5;29;52.56
5;32;18.11
5;39;19.63
5;40;53.57
5;41;61.55
5;42;84.76
5;50;72.37
5;55;60.91
5;62;41.85
5;64;85.55
5;77;14.61
5;82;38.27
5;88;25.41
5;93;52.83
6;1;30.90
6;2;29.11
6;4;38.64
6;5;87.12
6;8;70.48
6;9;40.72
6;13;21.18
6;21;65.50
6;24;66.66
6;27;60.77
6;28;71.21
6;31;33.76
6;32;51.96
6;37;28.24
6;38;29.97
6;42;21.21
6;53;50.15
6;54;18.99
6;57;40.09
6;61;68.51
6;64;42.65
6;65;73.02
6;71;82.79
6;72;13.26
6;75;41.77
6;76;9.92
6;78;63.21
6;80;88.03
6;81;60.50
6;82;40.04
6;88;57.98
6;95;75.53
6;98;23.41
6;7;46.57
6;10;12.97
6;11;76.59
6;16;14.55
6;17;12.91
6;26;45.93
6;30;12.50
6;33;33.60
6;39;83.75
6;40;82.97
6;43;87.19
6;46;79.16
6;47;60.45
6;60;8.73
6;62;19.41
6;67;25.45
6;68;24.66
6;73;24.62
6;77;53.62
6;79;11.32
6;83;28.76
6;97;28.16
6;99;34.08
7;1;15.59
7;0;35.45
7;2;64.02
7;6;46.57
7;9;45.95
7;10;25.94
7;11;19.32
7;15;78.37
7;19;84.29
7;21;43.56
7;23;38.21
7;28;23.56
7;30;38.95
7;33;16.64
7;37;46.64
7;42;28.42
7;46;13.81
7;49;26.34
7;52;7.50
7;54;49.02
7;58;20.35
7;62;39.16
7;65;59.99
7;67;52.47
7;71;18.62
7;76;21.53
7;80;46.47
7;82;42.24
7;83;61.12
7;84;16.18
7;87;10.69
7;90;6.32
7;98;80.13
7;99;38.89
7;22;25.03
7;25;50.85
7;26;70.38
7;31;62.11
7;36;29.35
7;39;67.35
7;40;74.32
7;45;6.69
7;47;89.06
7;50;40.19
7;51;15.53
7;55;76.73
7;63;28.07
7;77;35.43
7;85;89.35
7;88;8.46
7;92;15.18
7;93;53.21
7;96;82.18
8;1;53.26
8;3;62.96
8;6;70.48
8;4;54.60
8;5;50.99
8;9;50.77
8;11;55.89
8;22;1.49
8;25;86.42
8;27;19.26
8;29;82.31
8;36;39.08
8;37;31.45
8;38;43.82
8;43;3.32
8;49;14.79
8;51;41.77
8;55;70.99
8;65;20.21
8;70;18.24
8;73;60.72
8;75;62.72
8;78;33.10
8;86;50.56
8;89;39.04
8;91;17.93
8;16;4.01
8;18;28.05
8;24;67.12
8;26;2.37
8;28;21.37
8;31;89.53
8;39;70.25
8;41;54.64
8;52;32.25
8;54;27.39
8;56;20.21
8;59;10.65
8;61;54.00
8;63;53.48
8;68;38.04
8;71;45.02
8;76;11.08
8;80;49.79
8;83;78.56
8;90;59.69
9;1;72.40
9;2;21.42
9;3;73.68
9;6;40.72
9;7;45.95
9;8;50.77
9;11;39.68
9;13;75.87
9;16;29.20
9;18;15.88
9;20;41.62
9;25;26.94
9;26;86.36
9;28;19.92
9;30;84.05
9;35;6.33
9;38;61.40
9;40;7.66
9;43;73.58
9;45;61.68
9;48;66.25
9;51;42.55
9;53;87.00
9;55;7.21
9;57;40.65
9;66;77.84
9;67;68.70
9;68;82.86
9;72;53.77
9;73;10.36
9;74;73.84
9;78;28.82
9;79;66.08
9;80;29.42
9;12;59.61
9;15;61.55
9;21;44.41
9;23;42.96
9;27;34.08
9;29;65.95
9;39;83.90
9;46;60.39
9;49;46.05
9;58;32.58
9;60;45.04
9;61;60.03
9;63;21.97
9;69;5.63
9;82;50.66
9;84;82.00
9;85;48.72
9;88;77.44
9;94;66.14
9;95;77.02
10;2;16.35
10;4;33.04
10;7;25.94
10;1;48.76
10;6;12.97
10;14;48.96
10;18;34.52
10;19;8.26
10;22;14.50
10;24;40.14
10;29;1.91
10;31;2.18
10;33;82.37
10;34;32.85
10;35;15.18
10;48;29.28
10;56;9.36
10;63;28.16
10;64;65.97
10;67;82.09
10;71;58.38
10;73;1.27
10;75;1.08
10;77;13.45
10;79;14.34
10;83;56.24
10;84;51.93
10;86;12.64
10;92;18.11
10;95;57.69
10;96;77.36
10;11;50.55
10;15;77.90
10;16;84.49
10;26;30.77
10;27;33.11
10;30;41.93
10;32;85.14
10;40;50.38
10;41;39.98
10;43;52.66
10;44;5.00
10;46;68.11
10;47;1.67
10;49;52.75
10;52;75.33
10;55;65.74
10;58;38.69
10;59;50.14
10;60;67.23
10;65;49.43
10;72;43.31
10;76;69.99
10;78;34.99
10;80;52.37
10;85;72.30
10;99;83.86
11;0;53.30
11;1;69.43
11;7;19.32
11;8;55.89
11;9;39.68
11;3;61.30
11;4;70.31
11;6;76.59
11;10;50.55
11;13;53.18
11;14;25.27
11;24;81.28
11;25;13.74
11;26;45.30
11;29;6.68
11;33;35.61
11;35;30.42
11;41;14.83
11;43;75.63
11;47;46.21
11;49;21.73
11;53;5.04
11;54;38.00
11;55;63.84
11;56;81.40
11;60;68.00
11;61;49.87
11;73;87.58
11;74;39.12
11;76;33.71
11;77;8.85
11;85;87.23
11;87;12.02
11;88;52.55
11;99;5.69
11;12;45.19
11;17;44.15
11;40;41.71
11;48;49.63
11;50;62.85
11;51;64.89
11;62;68.70
11;63;57.09
11;65;41.65
11;71;70.08
11;72;22.42
11;86;45.79
11;92;85.79
11;95;39.40
12;4;12.55
12;1;89.67
12;5;14.72
12;9;59.61
12;11;45.19
12;19;73.79
12;21;54.30
12;22;74.12
12;25;7.24
12;26;62.64
12;28;44.74
12;32;49.17
12;38;52.48
12;44;38.77
12;45;75.23
12;52;65.84
12;56;80.79
12;57;68.96
12;58;80.81
12;69;57.37
12;74;50.86
12;78;50.30
12;85;59.75
12;89;80.25
12;98;74.73
12;13;30.71
12;15;75.24
12;17;60.71
12;18;71.97
12;29;33.26
12;35;55.97
12;36;66.59
12;37;22.21
12;39;60.80
12;41;44.87
12;46;49.35
12;50;69.23
12;55;36.84
12;59;77.28
12;60;41.28
12;65;32.03
12;70;11.58
12;72;75.04
12;79;31.01
12;80;8.22
12;84;2.84
12;93;15.87
13;0;78.15
13;1;80.32
13;2;17.99
13;6;21.18
13;9;75.87
13;11;53.18
13;5;83.41
13;12;30.71
13;14;29.65
13;15;58.21
13;20;87.34
13;24;67.94
13;25;18.15
13;29;73.10
13;31;3.66
13;32;79.94
13;33;4.70
13;35;85.69
13;43;70.32
13;44;12.28
13;45;5.30
13;46;43.25
13;47;2.00
13;48;19.77
13;62;81.90
13;64;70.63
13;65;50.22
13;70;29.22
13;73;28.90
13;79;37.97
13;81;75.52
13;82;57.56
13;83;5.29
13;88;64.08
13;89;51.53
13;94;5.73
13;17;67.82
13;23;42.67
13;36;24.84
13;37;50.44
13;41;8.45
13;56;79.66
13;59;69.38
13;60;72.90
13;68;10.38
13;69;13.99
13;74;64.51
13;84;24.27
13;87;82.94
13;91;89.71
13;93;88.49
13;95;4.94
13;96;24.59
13;99;68.77
14;0;88.84
14;4;26.31
14;10;48.96
14;11;25.27
14;13;29.65
14;1;79.41
14;2;55.04
14;3;32.29
14;16;47.11
14;17;76.06
14;21;49.44
14;24;22.12
14;27;38.50
14;28;86.76
14;29;88.84
14;31;17.66
14;32;32.33
14;44;68.08
14;46;89.56
14;48;8.59
14;55;16.89
14;58;57.51
14;68;43.38
14;74;17.99
14;75;51.87
14;76;4.07
14;78;84.10
14;81;89.16
14;82;65.08
14;84;57.29
14;91;32.18
14;92;49.05
14;94;57.48
14;96;42.05
14;15;41.35
14;19;24.30
14;20;51.54
14;23;51.12
14;30;70.19
14;33;29.00
14;35;83.33
14;38;10.74
14;39;5.46
14;49;65.76
14;62;59.94
14;64;10.71
14;69;73.92
14;70;11.97
14;71;52.82
14;73;9.48
14;79;82.17
14;83;89.13
14;86;11.67
14;88;42.71
15;0;40.44
15;7;78.37
15;13;58.21
15;9;61.55
15;10;77.90
15;12;75.24
15;14;41.35
15;17;24.93
15;20;15.13
15;22;17.28
15;23;45.17
15;24;84.37
15;27;30.68
15;28;33.39
15;32;29.45
15;38;46.64
15;44;26.75
15;49;34.14
15;50;63.73
15;51;13.27
15;53;54.94
15;60;76.22
15;61;62.34
15;65;19.61
15;68;56.56
15;73;71.79
15;74;65.00
15;75;32.16
15;76;58.25
15;79;74.82
15;81;32.54
15;83;73.11
15;84;22.94
15;93;83.00
15;98;12.05
15;16;36.05
15;18;5.01
15;19;87.67
15;30;59.31
15;33;20.66
15;34;5.70
15;36;55.52
15;42;69.49
15;46;10.61
15;52;34.54
15;54;59.93
15;57;76.51
15;66;11.89
15;69;80.52
15;71;48.58
15;80;36.01
15;95;82.30
15;97;10.65
15;99;29.95
16;2;58.91
16;5;56.06
16;9;29.20
16;14;47.11
16;6;14.55
16;8;4.01
16;10;84.49
16;15;36.05
16;18;34.87
16;19;67.86
16;22;41.34
16;26;68.11
16;28;63.44
16;37;73.54
16;40;77.44
16;49;20.33
16;55;64.15
16;56;15.72
16;60;51.15
16;65;11.93
16;69;58.98
16;72;1.35
16;76;68.87
16;78;33.84
16;80;50.22
16;81;26.33
16;82;80.12
16;85;27.39
16;87;85.36
16;95;42.73
16;24;3.10
16;29;62.93
16;30;62.75
16;32;22.27
16;38;16.92
16;48;44.08
16;50;1.18
16;52;25.80
16;54;87.69
16;57;43.41
16;58;65.10
16;63;73.19
16;64;47.67
16;66;25.62
16;67;77.52
16;68;40.47
16;70;19.20
16;83;61.59
16;90;30.33
16;96;1.74
16;98;29.03
17;4;70.73
17;14;76.06
17;15;24.93
17;0;89.31
17;6;12.91
17;11;44.15
17;12;60.71
17;13;67.82
17;18;14.64
17;21;76.81
17;28;47.09
17;31;52.60
17;34;78.01
17;47;7.72
17;52;5.22
17;54;75.05
17;55;46.46
17;56;87.29
17;58;32.39
17;65;19.70
17;68;55.52
17;71;62.17
17;77;26.83
17;79;61.11
17;81;29.19
17;83;20.73
17;89;59.66
17;90;62.58
17;93;66.29
17;23;31.18
17;24;82.20
17;26;41.93
17;30;66.04
17;32;43.24
17;33;27.01
17;35;17.40
17;42;64.05
17;43;45.46
17;45;31.48
17;46;43.42
17;48;27.22
17;49;48.20
17;53;38.04
17;60;13.39
17;63;8.74
17;69;22.29
17;70;68.29
17;75;24.01
17;76;48.76
17;80;40.71
17;82;86.46
17;85;67.85
17;97;74.12
17;99;12.26
18;0;53.18
18;4;68.00
18;5;75.07
18;9;15.88
18;10;34.52
18;16;34.87
18;17;14.64
18;1;75.54
18;8;28.05
18;12;71.97
18;15;5.01
18;20;15.09
18;21;22.60
18;25;8.90
18;26;32.21
18;30;3.34
18;35;40.31
18;39;68.30
18;42;8.91
18;44;76.06
18;47;87.26
18;49;60.19
18;53;24.00
18;57;15.00
18;60;85.25
18;79;67.07
18;81;78.45
18;82;24.42
18;85;46.44
18;87;45.23
18;91;57.86
18;95;56.86
18;98;74.16
18;22;10.48
18;31;86.59
18;32;53.59
18;34;7.29
18;38;7.69
18;41;67.04
18;43;15.70
18;45;39.62
18;51;40.22
18;56;13.13
18;62;47.00
18;65;85.15
18;67;27.20
18;68;84.31
18;70;69.07
18;74;67.86
18;77;84.51
18;88;86.86
18;89;6.15
18;97;26.62
19;0;80.63
19;4;42.31
19;5;36.47
19;7;84.29
19;10;8.26
19;12;73.79
19;16;67.86
19;3;83.70
19;14;24.30
19;15;87.67
19;20;32.12
19;25;50.80
19;27;45.89
19;29;45.89
19;31;67.74
19;36;84.93
19;47;38.29
19;51;33.58
19;52;88.28
19;56;4.81
19;57;47.54
19;61;48.15
19;70;8.03
19;71;10.71
19;78;17.99
19;80;24.08
19;83;82.27
19;84;27.98
19;93;51.77
19;94;33.37
19;98;89.31
19;21;25.81
19;22;38.20
19;23;17.03
19;26;53.83
19;30;60.25
19;32;71.44
19;37;36.94
19;40;15.82
19;50;25.78
19;55;29.76
19;62;78.06
19;65;51.40
19;68;73.65
19;75;58.82
19;77;19.11
19;81;5.01
19;85;72.72
19;86;65.48
19;88;66.01
19;95;8.94
19;97;48.86
19;99;14.95
20;1;17.61
20;4;58.55
20;9;41.62
20;13;87.34
20;15;15.13
20;18;15.09
20;19;32.12
20;14;51.54
20;21;64.78
20;22;12.11
20;24;71.71
20;25;39.01
20;26;64.92
20;28;75.50
20;29;22.03
20;34;73.38
20;35;50.63
20;38;32.11
20;39;37.81
20;41;12.46
20;49;5.48
20;50;71.22
20;54;46.35
20;55;83.14
20;60;53.97
20;63;74.80
20;65;8.21
20;68;56.23
20;69;28.24
20;79;58.67
20;82;24.24
20;85;17.94
20;89;40.50
20;93;33.01
20;94;11.49
20;97;29.61
20;23;48.17
20;30;35.87
20;32;11.30
20;37;68.83
20;42;60.79
20;45;42.36
20;52;83.32
20;53;39.09
20;71;28.28
20;73;72.14
20;74;13.29
20;75;11.75
20;77;71.34
20;81;84.06
20;84;72.97
20;87;20.46
20;92;89.37
20;95;5.82
21;2;7.65
21;3;63.51
21;5;75.34
21;6;65.50
21;7;43.56
21;12;54.30
21;14;49.44
21;17;76.81
21;18;22.60
21;20;64.78
21;9;44.41
21;19;25.81
21;26;10.89
21;29;44.95
21;30;31.35
21;31;7.66
21;33;75.36
21;42;27.19
21;43;50.20
21;57;69.50
21;60;78.86
21;64;62.00
21;65;58.68
21;67;15.65
21;70;31.73
21;71;71.41
21;73;61.65
21;79;4.16
21;80;43.92
21;86;44.85
21;88;5.59
21;89;72.42
21;90;1.03
21;94;76.95
21;96;15.53
21;98;30.56
21;23;16.51
21;24;11.36
21;27;62.21
21;32;15.03
21;34;45.48
21;44;80.78
21;48;59.23
21;49;37.56
21;53;39.21
21;56;21.06
21;62;12.91
21;66;29.60
21;68;31.27
21;77;41.10
21;81;30.40
21;82;44.39
21;83;53.54
21;84;53.17
21;85;43.90
21;93;22.49
22;8;1.49
22;10;14.50
22;12;74.12
22;15;17.28
22;16;41.34
22;20;12.11
22;5;11.83
22;7;25.03
22;18;10.48
22;19;38.20
22;23;22.96
22;24;55.84
22;26;9.22
22;28;32.01
22;40;74.22
22;42;38.07
22;46;59.89
22;49;86.41
22;50;15.26
22;58;38.26
22;59;25.04
22;70;19.98
22;72;37.36
22;74;78.85
22;79;7.49
22;82;12.26
22;85;81.28
22;87;54.09
22;96;2.43
22;27;41.59
22;33;57.09
22;36;31.54
22;44;76.70
22;47;2.29
22;48;81.16
22;52;55.11
22;54;74.97
22;60;48.12
22;68;67.48
22;69;38.11
22;73;29.85
22;80;45.78
22;91;55.13
22;92;80.42
23;0;68.54
23;2;65.08
23;3;67.65
23;7;38.21
23;15;45.17
23;22;22.96
23;4;68.78
23;9;42.96
23;13;42.67
23;14;51.12
23;17;31.18
23;19;17.03
23;20;48.17
23;21;16.51
23;24;82.19
23;25;62.54
23;32;73.88
23;36;68.52
23;38;44.57
23;41;68.50
23;42;43.96
23;44;60.63
23;48;24.58
23;51;34.89
23;60;34.99
23;61;21.25
23;63;50.79
23;82;52.62
23;84;60.53
23;85;73.66
23;88;69.64
23;91;31.31
23;95;21.30
23;98;85.11
23;34;81.95
23;37;57.67
23;49;68.11
23;52;54.04
23;56;59.26
23;57;75.33
23;62;71.72
23;64;19.33
23;73;88.66
23;76;6.86
23;79;21.37
23;86;26.87
23;93;4.02
23;97;50.98
24;2;84.82
24;5;22.29
24;6;66.66
24;10;40.14
24;11;81.28
24;13;67.94
24;14;22.12
24;15;84.37
24;20;71.71
24;22;55.84
24;23;82.19
24;3;72.14
24;8;67.12
24;16;3.10
24;17;82.20
24;21;11.36
24;25;82.50
24;26;36.13
24;32;88.77
24;33;14.91
24;38;48.30
24;39;1.70
24;49;46.01
24;56;9.77
24;61;84.81
24;65;29.43
24;71;36.37
24;72;9.06
24;74;72.54
24;81;19.11
24;82;85.52
24;88;89.61
24;92;43.50
24;95;56.21
24;96;61.32
24;42;86.99
24;44;66.90
24;47;63.72
24;50;89.60
24;53;76.30
24;59;23.05
24;69;15.75
24;73;61.29
24;75;51.72
24;76;14.90
24;77;24.94
24;80;76.10
24;83;85.00
24;97;75.58
24;98;53.88
24;99;54.30
25;4;6.24
25;8;86.42
25;9;26.94
25;11;13.74
25;12;7.24
25;13;18.15
25;18;8.90
25;19;50.80
25;20;39.01
25;23;62.54
25;24;82.50
25;0;35.91
25;3;39.31
25;5;18.61
25;7;50.85
25;26;56.99
25;27;14.68
25;33;86.61
25;37;35.14
25;38;33.96
25;39;29.53
25;46;37.81
25;47;51.50
25;51;46.34
25;52;2.75
25;53;80.37
25;54;71.76
25;56;55.36
25;57;2.34
25;61;29.18
25;63;12.42
25;65;53.07
25;69;21.15
25;72;8.53
25;73;8.31
25;82;5.02
25;89;80.17
25;90;56.51
25;60;22.00
25;67;67.88
25;68;16.22
25;70;48.56
25;78;20.91
25;84;82.37
25;85;32.74
25;91;2.15
25;99;50.23
26;9;86.36
26;11;45.30
26;12;62.64
26;16;68.11
26;18;32.21
26;20;64.92
26;21;10.89
26;22;9.22
26;24;36.13
26;25;56.99
26;1;73.44
26;5;43.75
26;6;45.93
26;7;70.38
26;8;2.37
26;10;30.77
26;17;41.93
26;19;53.83
26;30;72.68
26;35;48.06
26;37;64.66
26;42;79.89
26;43;54.93
26;46;42.46
26;52;85.30
26;53;12.16
26;56;59.98
26;60;32.10
26;61;8.94
26;64;80.19
26;65;33.18
26;67;67.77
26;70;41.86
26;71;67.50
26;73;57.87
26;75;25.72
26;77;36.16
26;79;78.02
26;88;67.51
26;89;21.13
26;91;19.10
26;92;53.22
26;93;24.44
26;31;47.61
26;38;68.16
26;41;72.29
26;47;44.80
26;50;28.17
26;51;84.39
26;57;79.78
26;66;32.14
26;69;42.38
26;76;79.24
26;78;37.71
26;83;48.67
26;90;56.03
26;99;75.51
27;3;30.45
27;4;19.83
27;6;60.77
27;8;19.26
27;14;38.50
27;15;30.68
27;19;45.89
27;25;14.68
27;1;30.89
27;2;75.41
27;9;34.08
27;10;33.11
27;21;62.21
27;22;41.59
27;28;71.98
27;32;27.51
27;33;1.61
27;34;82.35
27;37;48.32
27;39;35.42
27;42;1.68
27;43;29.30
27;49;62.51
27;50;76.24
27;52;8.35
27;56;63.74
27;63;86.14
27;67;13.40
27;75;17.95
27;83;23.64
27;84;42.57
27;85;67.45
27;88;82.77
27;91;47.30
27;92;41.09
27;95;67.10
27;96;76.42
27;35;70.02
27;41;65.39
27;45;9.65
27;47;85.36
27;48;46.99
27;59;75.18
27;61;34.37
27;64;13.60
27;65;4.22
27;70;74.41
27;73;25.90
27;86;45.15
27;94;43.92
28;2;11.13
28;5;10.62
28;6;71.21
28;7;23.56
28;9;19.92
28;12;44.74
28;14;86.76
28;15;33.39
28;16;63.44
28;17;47.09
28;20;75.50
28;22;32.01
28;27;71.98
28;0;42.42
28;1;81.80
28;8;21.37
28;34;33.01
28;48;2.43
28;50;82.76
28;55;56.80
28;57;18.27
28;58;67.95
28;59;56.52
28;61;58.05
28;63;73.68
28;66;51.70
28;67;9.57
28;71;48.46
28;72;36.18
28;77;14.50
28;78;67.77
28;89;50.55
28;91;4.92
28;95;12.53
28;96;89.34
28;37;72.54
28;41;74.17
28;49;39.81
28;54;84.53
28;56;38.24
28;69;72.98
28;70;22.39
28;73;54.48
28;74;31.06
28;75;6.14
28;76;4.32
28;81;87.56
28;82;22.71
28;84;21.45
28;88;23.05
28;90;6.57
28;97;41.18
29;1;58.70
29;8;82.31
29;10;1.91
29;11;6.68
29;13;73.10
29;14;88.84
29;19;45.89
29;20;22.03
29;21;44.95
29;3;9.60
29;5;52.56
29;9;65.95
29;12;33.26
29;16;62.93
29;46;21.02
29;47;23.00
29;48;54.59
29;55;71.12
29;58;18.24
29;59;8.91
29;62;76.01
29;64;12.99
29;65;80.26
29;67;28.57
29;75;53.29
29;77;17.56
29;84;41.34
29;95;11.46
29;34;33.28
29;40;14.96
29;44;31.43
29;45;84.90
29;49;38.45
29;53;56.66
29;56;31.97
29;57;73.44
29;66;9.23
29;74;39.48
29;78;27.82
29;79;24.09
29;80;76.95
29;88;51.81
29;90;31.37
29;96;43.37
29;98;32.90
29;99;28.27
30;0;37.27
30;1;74.46
30;2;40.51
30;3;81.55
30;4;1.56
30;5;49.43
30;7;38.95
30;9;84.05
30;18;3.34
30;21;31.35
30;26;72.68
30;6;12.50
30;10;41.93
30;14;70.19
30;15;59.31
30;16;62.75
30;17;66.04
30;19;60.25
30;20;35.87
30;31;36.15
30;32;29.12
30;36;55.21
30;37;31.00
30;38;73.32
30;39;22.31
30;41;33.77
30;42;60.75
30;46;84.86
30;49;68.13
30;58;82.04
30;59;4.44
30;60;72.13
30;61;3.19
30;67;19.64
30;68;7.40
30;78;79.61
30;82;24.57
30;88;63.24
30;89;19.23
30;90;56.64
30;93;24.02
30;97;74.24
30;98;19.94
30;50;81.95
30;53;75.90
30;56;61.29
30;57;53.77
30;65;55.49
30;66;42.71
30;69;19.39
30;71;47.74
30;72;11.17
30;87;5.59
30;95;49.90
30;96;88.85
31;6;33.76
31;10;2.18
31;13;3.66
31;14;17.66
31;17;52.60
31;19;67.74
31;21;7.66
31;30;36.15
31;2;25.65
31;7;62.11
31;8;89.53
31;18;86.59
31;26;47.61
31;36;28.80
31;37;9.52
31;38;32.53
31;39;63.75
31;42;65.96
31;48;71.45
31;55;9.42
31;58;2.38
31;68;85.88
31;69;12.13
31;70;61.53
31;76;35.02
31;77;69.38
31;80;23.70
31;81;85.32
31;46;25.33
31;50;4.72
31;53;35.07
31;56;84.42
31;57;30.38
31;63;57.08
31;64;8.28
31;66;20.19
31;72;26.37
31;74;28.25
31;75;53.91
31;78;79.39
31;82;79.02
31;84;89.98
31;86;82.23
31;89;28.99
31;90;9.18
31;91;39.74
31;92;50.32
31;94;17.00
31;95;39.05
31;98;53.79
32;0;43.44
32;6;51.96
32;12;49.17
32;13;79.94
32;14;32.33
32;15;29.45
32;23;73.88
32;24;88.77
32;27;27.51
32;30;29.12
32;3;37.03
32;5;18.11
32;10;85.14
32;16;22.27
32;17;43.24
32;18;53.59
32;19;71.44
32;20;11.30
32;21;15.03
32;35;74.25
32;37;58.54
32;39;45.49
32;45;26.86
32;54;1.15
32;58;30.77
32;59;24.15
32;63;51.99
32;64;32.63
32;65;1.45
32;67;25.24
32;77;49.12
32;81;5.98
32;83;54.36
32;84;89.91
32;87;63.23
32;92;12.32
32;94;75.02
32;95;72.58
32;96;81.76
32;97;27.78
32;99;16.02
32;34;39.65
32;41;48.36
32;47;21.72
32;48;63.73
32;49;6.45
32;50;42.42
32;52;78.72
32;53;12.17
32;55;53.56
32;75;23.35
32;78;82.49
32;79;62.35
32;80;73.92
32;85;62.08
32;86;14.22
32;88;82.15
32;98;19.65
33;0;32.87
33;3;51.29
33;4;49.42
33;7;16.64
33;10;82.37
33;11;35.61
33;13;4.70
33;21;75.36
33;24;14.91
33;25;86.61
33;27;1.61
33;2;25.90
33;6;33.60
33;14;29.00
33;15;20.66
33;17;27.01
33;22;57.09
33;34;81.90
33;35;21.51
33;40;38.96
33;44;44.79
33;53;16.04
33;57;78.71
33;64;29.53
33;73;5.80
33;74;17.58
33;75;60.64
33;81;9.21
33;87;7.84
33;90;23.01
33;92;75.90
33;93;24.56
33;94;62.76
33;39;86.69
33;45;88.09
33;54;54.66
33;55;1.82
33;60;82.58
33;65;42.27
33;66;74.64
33;67;62.15
33;68;25.23
33;88;56.51
33;91;63.13
34;0;25.47
34;1;45.39
34;3;26.65
34;4;55.82
34;5;38.07
34;10;32.85
34;17;78.01
34;20;73.38
34;27;82.35
34;28;33.01
34;33;81.90
34;15;5.70
34;18;7.29
34;21;45.48
34;23;81.95
34;29;33.28
34;32;39.65
34;35;86.24
34;42;69.63
34;45;74.25
34;48;31.84
34;50;28.60
34;52;41.68
34;59;58.97
34;60;70.26
34;63;76.27
34;64;80.40
34;67;7.28
34;68;48.85
34;72;23.60
34;74;53.41
34;78;80.61
34;92;56.79
34;96;57.48
34;97;79.35
34;38;23.58
34;44;82.05
34;56;84.84
34;65;42.97
34;76;68.55
34;77;36.27
34;80;59.25
34;81;42.97
34;82;83.62
34;88;88.37
34;90;34.99
34;91;71.68
34;94;6.33
34;98;44.18
35;1;47.43
35;2;41.13
35;5;64.61
35;9;6.33
35;10;15.18
35;11;30.42
35;13;85.69
35;18;40.31
35;20;50.63
35;26;48.06
35;32;74.25
35;33;21.51
35;34;86.24
35;12;55.97
35;14;83.33
35;17;17.40
35;27;70.02
35;39;47.02
35;41;39.28
35;44;14.29
35;46;4.18
35;50;64.17
35;52;23.08
35;61;57.05
35;66;17.64
35;68;80.60
35;69;59.47
35;75;62.41
35;79;40.49
35;80;75.70
35;85;61.24
35;86;60.84
35;87;22.29
35;93;63.51
35;94;64.16
35;95;53.14
35;96;71.10
35;97;78.77
35;36;52.04
35;43;8.50
35;49;58.87
35;56;42.76
35;59;16.12
35;65;32.31
35;74;27.50
35;89;18.07
35;99;44.88
36;2;82.63
36;4;59.62
36;8;39.08
36;19;84.93
36;23;68.52
36;30;55.21
36;31;28.80
36;3;58.62
36;7;29.35
36;12;66.59
36;13;24.84
36;15;55.52
36;22;31.54
36;35;52.04
36;37;20.30
36;38;39.72
36;39;83.68
36;44;50.29
36;45;42.81
36;47;32.63
36;50;33.75
36;53;18.42
36;61;72.31
36;71;13.22
36;73;11.79
36;74;63.78
36;78;89.52
36;79;6.92
36;81;30.97
36;87;53.32
36;92;1.85
36;93;24.72
36;94;48.58
36;97;77.88
36;42;34.41
36;43;15.08
36;46;42.06
36;51;70.11
36;56;78.80
36;58;3.71
36;62;7.98
36;64;76.34
36;68;75.90
36;70;63.60
36;72;38.12
36;80;72.53
36;84;48.88
36;86;89.16
36;89;82.66
36;98;4.54
37;4;66.69
37;5;25.82
37;6;28.24
37;7;46.64
37;8;31.45
37;16;73.54
37;25;35.14
37;26;64.66
37;27;48.32
37;30;31.00
37;31;9.52
37;32;58.54
37;36;20.30
37;1;65.30
37;12;22.21
37;13;50.44
37;19;36.94
37;20;68.83
37;23;57.67
37;28;72.54
37;44;85.41
37;47;39.00
37;50;5.36
37;52;79.19
37;53;6.30
37;54;47.24
37;58;41.56
37;59;13.27
37;62;12.84
37;63;54.14
37;64;55.70
37;70;16.27
37;71;67.09
37;75;17.96
37;81;1.23
37;87;74.16
37;91;34.46
37;92;68.36
37;95;7.39
37;96;44.45
37;98;20.31
37;99;43.40
37;38;81.97
37;39;74.04
37;55;29.20
37;60;72.05
37;69;29.59
37;79;35.65
37;89;66.81
37;90;35.48
37;93;19.72
38;0;82.16
38;5;34.96
38;6;29.97
38;8;43.82
38;9;61.40
38;12;52.48
38;15;46.64
38;20;32.11
38;23;44.57
38;24;48.30
38;25;33.96
38;30;73.32
38;31;32.53
38;36;39.72
38;1;36.48
38;4;47.73
38;14;10.74
38;16;16.92
38;18;7.69
38;26;68.16
38;34;23.58
38;37;81.97
38;42;4.83
38;43;38.64
38;46;12.92
38;48;51.28
38;54;51.98
38;55;40.15
38;60;83.56
38;61;5.29
38;63;65.68
38;66;5.93
38;67;87.31
38;68;17.87
38;70;53.00
38;71;44.13
38;73;45.30
38;74;39.35
38;81;71.33
38;83;48.60
38;85;84.02
38;86;75.37
38;88;16.44
38;90;34.69
38;93;56.52
38;94;9.24
38;41;75.20
38;44;49.90
38;50;50.69
38;51;51.06
38;57;77.63
38;58;79.36
38;65;57.98
38;72;45.58
38;82;43.48
38;92;46.15
38;96;35.60
39;1;45.94
39;18;68.30
39;20;37.81
39;24;1.70
39;25;29.53
39;27;35.42
39;30;22.31
39;31;63.75
39;32;45.49
39;35;47.02
39;36;83.68
39;0;5.23
39;4;17.70
39;5;19.63
39;6;83.75
39;7;67.35
39;8;70.25
39;9;83.90
39;12;60.80
39;14;5.46
39;33;86.69
39;37;74.04
39;41;24.95
39;43;48.50
39;45;23.55
39;46;19.44
39;52;27.22
39;53;88.19
39;57;61.32
39;58;62.45
39;61;70.54
39;63;12.95
39;66;74.15
39;67;71.27
39;68;61.95
39;69;30.15
39;72;20.68
39;73;4.63
39;75;24.55
39;78;68.77
39;85;6.41
39;86;43.48
39;88;55.07
39;90;22.20
39;96;41.36
39;97;26.76
39;40;78.77
39;42;67.52
39;44;62.03
39;47;70.19
39;49;59.77
39;51;69.17
39;64;85.08
39;65;58.75
39;70;72.12
39;84;48.03
39;92;42.83
40;9;7.66
40;16;77.44
40;22;74.22
40;33;38.96
40;1;39.47
40;2;7.03
40;3;29.31
40;5;53.57
40;6;82.97
40;7;74.32
40;10;50.38
40;11;41.71
40;19;15.82
40;29;14.96
40;39;78.77
40;45;23.53
40;48;10.82
40;53;41.37
40;59;27.44
40;60;82.55
40;61;11.60
40;62;34.44
40;64;68.64
40;69;13.69
40;70;46.12
40;72;20.75
40;78;63.52
40;81;8.37
40;84;11.71
40;98;27.94
40;43;82.05
40;49;30.72
40;52;62.06
40;54;39.81
40;55;56.65
40;56;75.06
40;58;89.47
40;67;64.61
40;76;11.30
40;79;30.08
40;83;18.74
40;92;76.00
40;94;19.65
40;95;61.87
40;96;7.20
40;97;56.00
40;99;32.43
41;3;36.08
41;11;14.83
41;20;12.46
41;23;68.50
41;30;33.77
41;35;39.28
41;39;24.95
41;5;61.55
41;8;54.64
41;10;39.98
41;12;44.87
41;13;8.45
41;18;67.04
41;26;72.29
41;27;65.39
41;28;74.17
41;32;48.36
41;38;75.20
41;43;6.11
41;45;41.48
41;46;29.26
41;49;23.84
41;50;70.82
41;52;89.68
41;54;41.42
41;55;38.37
41;58;65.04
41;60;10.26
41;61;55.82
41;64;78.71
41;65;54.40
41;67;48.34
41;68;79.03
41;74;25.81
41;78;86.03
41;80;41.91
41;81;51.47
41;82;12.90
41;83;2.35
41;92;76.49
41;94;4.23
41;95;17.81
41;96;5.49
41;48;88.24
41;59;36.89
41;75;33.06
41;87;53.69
41;88;46.95
41;89;17.88
41;93;31.52
41;97;1.65
41;99;10.48
42;2;54.35
42;6;21.21
42;7;28.42
42;18;8.91
42;21;27.19
42;22;38.07
42;23;43.96
42;26;79.89
42;27;1.68
42;30;60.75
42;31;65.96
42;34;69.63
42;38;4.83
42;3;33.77
42;5;84.76
42;15;69.49
42;17;64.05
42;20;60.79
42;24;86.99
42;36;34.41
42;39;67.52
42;49;15.83
42;51;77.63
42;53;89.25
42;60;52.40
42;62;63.36
42;63;88.64
42;65;56.97
42;71;88.60
42;74;35.11
42;79;21.59
42;81;73.46
42;87;33.43
42;88;67.67
42;90;21.31
42;91;89.21
42;92;77.46
42;94;40.80
42;96;50.85
42;46;33.04
42;48;88.10
42;55;28.80
42;56;5.62
42;69;83.87
42;76;16.89
42;78;37.09
42;89;13.61
43;0;27.20
43;2;42.54
43;3;8.06
43;8;3.32
43;9;73.58
43;11;75.63
43;13;70.32
43;21;50.20
43;26;54.93
43;27;29.30
43;38;38.64
43;39;48.50
43;41;6.11
43;1;46.06
43;6;87.19
43;10;52.66
43;17;45.46
43;18;15.70
43;35;8.50
43;36;15.08
43;40;82.05
43;46;6.89
43;55;53.35
43;60;22.26
43;62;17.93
43;63;39.50
43;65;62.08
43;67;8.57
43;72;49.13
43;75;56.38
43;76;85.78
43;84;43.45
43;85;80.71
43;97;4.18
43;44;4.89
43;54;68.10
43;56;10.53
43;68;2.69
43;86;75.48
43;89;70.27
43;93;71.62
43;95;58.96
43;96;69.03
44;1;20.14
44;2;52.36
44;5;28.34
44;12;38.77
44;13;12.28
44;14;68.08
44;15;26.75
44;18;76.06
44;23;60.63
44;33;44.79
44;35;14.29
44;36;50.29
44;37;85.41
44;10;5.00
44;21;80.78
44;22;76.70
44;24;66.90
44;29;31.43
44;34;82.05
44;38;49.90
44;39;62.03
44;43;4.89
44;61;68.42
44;63;26.66
44;69;4.07
44;70;21.02
44;72;40.14
44;78;27.87
44;80;37.17
44;82;45.08
44;91;74.07
44;97;31.09
44;98;82.12
44;99;44.75
44;45;81.27
44;49;31.29
44;50;36.98
44;55;84.01
44;57;86.45
44;60;24.84
44;73;21.36
44;75;84.99
44;77;25.03
44;84;27.56
44;85;47.45
44;89;81.44
44;90;18.02
44;93;13.38
45;2;40.14
45;9;61.68
45;12;75.23
45;13;5.30
45;32;26.86
45;34;74.25
45;36;42.81
45;39;23.55
45;40;23.53
45;41;41.48
45;0;80.05
45;7;6.69
45;17;31.48
45;18;39.62
45;20;42.36
45;27;9.65
45;29;84.90
45;33;88.09
45;44;81.27
45;46;20.77
45;55;35.78
45;61;7.56
45;71;44.54
45;76;56.99
45;82;36.92
45;87;43.93
45;89;4.96
45;91;6.12
45;97;59.32
45;48;75.00
45;56;50.61
45;64;77.08
45;66;56.08
45;68;57.60
45;69;34.37
45;74;73.19
45;75;17.25
45;77;22.15
45;79;51.44
45;80;70.57
45;85;21.11
45;86;5.03
45;88;20.62
45;90;15.24
46;2;40.75
46;4;28.61
46;7;13.81
46;13;43.25
46;14;89.56
46;22;59.89
46;25;37.81
46;26;42.46
46;29;21.02
46;30;84.86
46;35;4.18
46;38;12.92
46;39;19.44
46;41;29.26
46;43;6.89
46;45;20.77
46;3;14.01
46;6;79.16
46;9;60.39
46;10;68.11
46;12;49.35
46;15;10.61
46;17;43.42
46;31;25.33
46;36;42.06
46;42;33.04
46;49;15.26
46;51;4.26
46;58;66.81
46;67;62.98
46;68;45.28
46;71;47.01
46;74;1.27
46;79;4.27
46;82;72.90
46;83;81.29
46;87;7.13
46;88;25.43
46;89;1.25
46;93;54.21
46;94;62.21
46;98;67.98
46;99;67.47
46;48;79.93
46;52;25.85
46;53;30.44
46;54;84.34
46;59;10.05
46;61;16.32
46;65;31.55
46;73;55.34
46;75;24.16
46;76;77.10
46;77;46.45
46;80;33.27
46;85;69.88
47;4;43.62
47;5;89.79
47;11;46.21
47;13;2.00
47;17;7.72
47;18;87.26
47;19;38.29
47;25;51.50
47;29;23.00
47;36;32.63
47;37;39.00
47;6;60.45
47;7;89.06
47;10;1.67
47;22;2.29
47;24;63.72
47;26;44.80
47;27;85.36
47;32;21.72
47;39;70.19
47;60;63.15
47;64;13.49
47;65;28.12
47;68;72.04
47;70;10.98
47;73;5.94
47;76;81.74
47;78;26.58
47;83;35.57
47;85;74.22
47;92;52.48
47;95;76.22
47;96;48.48
47;50;2.47
47;52;61.96
47;53;1.90
47;55;23.21
47;56;41.26
47;66;73.66
47;87;64.27
47;88;75.99
47;91;49.97
47;93;45.20
47;97;22.03
48;9;66.25
48;10;29.28
48;13;19.77
48;14;8.59
48;23;24.58
48;28;2.43
48;29;54.59
48;31;71.45
48;34;31.84
48;38;51.28
48;40;10.82
48;11;49.63
48;16;44.08
48;17;27.22
48;21;59.23
48;22;81.16
48;27;46.99
48;32;63.73
48;41;88.24
48;42;88.10
48;45;75.00
48;46;79.93
48;49;22.91
48;60;23.05
48;61;19.81
48;74;20.65
48;77;48.78
48;78;16.26
48;79;52.59
48;80;74.21
48;81;26.56
48;82;9.81
48;91;65.83
48;92;44.23
48;93;76.96
48;98;9.32
48;50;41.09
48;51;38.38
48;56;21.18
48;57;8.00
48;58;47.25
48;59;19.42
48;83;35.78
48;89;4.19
48;90;56.17
48;96;67.26
48;97;20.93
49;7;26.34
49;8;14.79
49;11;21.73
49;15;34.14
49;16;20.33
49;18;60.19
49;20;5.48
49;22;86.41
49;24;46.01
49;27;62.51
49;30;68.13
49;41;23.84
49;42;15.83
49;46;15.26
49;48;22.91
49;0;42.83
49;1;7.40
49;4;15.29
49;9;46.05
49;10;52.75
49;14;65.76
49;17;48.20
49;21;37.56
49;23;68.11
49;28;39.81
49;29;38.45
49;32;6.45
49;35;58.87
49;39;59.77
49;40;30.72
49;44;31.29
49;51;41.25
49;53;63.39
49;55;8.48
49;56;77.33
49;57;12.21
49;59;20.65
49;66;52.20
49;70;6.57
49;71;84.86
49;74;58.88
49;75;13.49
49;85;60.90
49;86;70.08
49;90;74.81
49;91;38.77
49;93;25.44
49;94;23.15
49;50;22.09
49;52;4.04
49;58;35.69
49;68;60.00
49;69;2.59
49;72;7.10
49;77;16.00
49;82;8.41
49;88;58.26
49;92;60.68
49;99;15.57
50;15;63.73
50;20;71.22
50;22;15.26
50;27;76.24
50;28;82.76
50;34;28.60
50;35;64.17
50;36;33.75
50;37;5.36
50;41;70.82
50;5;72.37
50;7;40.19
50;11;62.85
50;12;69.23
50;16;1.18
50;19;25.78
50;24;89.60
50;26;28.17
50;30;81.95
50;31;4.72
50;32;42.42
50;38;50.69
50;44;36.98
50;47;2.47
50;48;41.09
50;49;22.09
50;51;17.76
50;56;38.66
50;60;35.11
50;62;10.61
50;63;20.15
50;66;62.31
50;67;61.69
50;70;66.95
50;76;5.70
50;77;33.52
50;82;16.33
50;83;57.87
50;88;26.75
50;89;73.59
50;90;53.62
50;97;62.23
50;99;73.75
50;52;27.97
50;58;84.03
50;61;28.98
50;65;38.02
50;69;14.01
50;75;65.73
50;81;75.18
50;86;53.04
50;92;59.71
50;96;67.71
51;0;57.63
51;3;42.63
51;8;41.77
51;9;42.55
51;15;13.27
51;19;33.58
51;23;34.89
51;25;46.34
51;42;77.63
51;46;4.26
51;49;41.25
51;50;17.76
51;7;15.53
51;11;64.89
51;18;40.22
51;26;84.39
51;36;70.11
51;38;51.06
51;39;69.17
51;48;38.38
51;52;28.72
51;56;71.07
51;61;25.44
51;66;19.34
51;72;14.27
51;73;16.77
51;74;72.72
51;76;68.14
51;77;18.00
51;81;74.43
51;83;63.28
51;85;49.54
51;89;48.84
51;98;40.42
51;60;21.78
51;62;76.70
51;64;36.34
51;68;55.57
51;71;6.43
51;75;65.99
51;78;23.56
51;79;51.31
51;87;19.37
51;88;57.55
51;91;31.43
51;96;56.04
52;1;46.77
52;2;81.24
52;4;58.17
52;5;18.28
52;7;7.50
52;12;65.84
52;17;5.22
52;19;88.28
52;25;2.75
52;26;85.30
52;27;8.35
52;34;41.68
52;35;23.08
52;37;79.19
52;39;27.22
52;41;89.68
52;51;28.72
52;0;21.69
52;3;40.15
52;8;32.25
52;10;75.33
52;15;34.54
52;16;25.80
52;20;83.32
52;22;55.11
52;23;54.04
52;32;78.72
52;40;62.06
52;46;25.85
52;47;61.96
52;49;4.04
52;50;27.97
52;56;53.28
52;67;71.56
52;70;83.70
52;79;46.28
52;80;38.61
52;82;64.90
52;83;16.75
52;85;85.95
52;86;38.35
52;88;21.20
52;92;38.99
52;98;87.93
52;99;43.18
52;53;78.43
52;54;54.00
52;57;62.51
52;62;64.71
52;65;72.18
52;68;89.16
52;75;46.51
52;76;13.21
52;77;63.62
52;81;24.62
52;94;86.92
53;1;29.51
53;4;69.78
53;5;41.90
53;6;50.15
53;9;87.00
53;11;5.04
53;15;54.94
53;18;24.00
53;25;80.37
53;26;12.16
53;33;16.04
53;36;18.42
53;37;6.30
53;39;88.19
53;40;41.37
53;42;89.25
53;49;63.39
53;17;38.04
53;20;39.09
53;21;39.21
53;24;76.30
53;29;56.66
53;30;75.90
53;31;35.07
53;32;12.17
53;46;30.44
53;47;1.90
53;52;78.43
53;55;63.27
53;58;52.59
53;60;38.56
53;61;55.79
53;62;70.68
53;67;73.64
53;68;66.76
53;69;80.69
53;73;6.66
53;79;22.93
53;82;23.25
53;84;3.16
53;89;39.86
53;90;53.85
53;93;84.55
53;94;50.29
53;96;35.18
53;54;89.84
53;57;11.52
53;64;45.86
53;65;25.68
53;77;11.25
53;80;51.44
53;81;45.71
53;95;42.11
54;1;35.35
54;3;31.87
54;6;18.99
54;7;49.02
54;11;38.00
54;17;75.05
54;20;46.35
54;25;71.76
54;32;1.15
54;37;47.24
54;38;51.98
54;41;41.42
54;0;70.53
54;2;9.21
54;4;72.09
54;8;27.39
54;15;59.93
54;16;87.69
54;22;74.97
54;28;84.53
54;33;54.66
54;40;39.81
54;43;68.10
54;46;84.34
54;52;54.00
54;53;89.84
54;58;56.61
54;61;77.93
54;67;73.23
54;71;55.19
54;72;76.34
54;73;3.84
54;78;58.18
54;88;67.47
54;90;50.93
54;95;1.99
54;56;62.24
54;65;53.43
54;66;7.25
54;68;67.65
54;75;35.37
54;79;23.67
54;82;88.81
54;91;58.28
54;96;2.78
54;99;23.46
55;0;49.14
55;1;57.60
55;8;70.99
55;9;7.21
55;11;63.84
55;14;16.89
55;16;64.15
55;17;46.46
55;20;83.14
55;28;56.80
55;29;71.12
55;31;9.42
55;38;40.15
55;41;38.37
55;43;53.35
55;45;35.78
55;49;8.48
55;53;63.27
55;2;36.68
55;3;67.21
55;5;60.91
55;7;76.73
55;10;65.74
55;12;36.84
55;19;29.76
55;32;53.56
55;33;1.82
55;37;29.20
55;40;56.65
55;42;28.80
55;44;84.01
55;47;23.21
55;59;22.12
55;62;81.09
55;64;36.68
55;66;58.04
55;67;27.04
55;68;80.68
55;74;49.31
55;76;55.29
55;78;62.03
55;80;2.11
55;82;39.36
55;97;30.99
55;99;43.24
55;60;46.81
55;65;65.09
55;69;77.87
55;77;38.05
55;83;85.25
55;90;85.72
55;92;82.26
55;93;25.54
55;95;22.07
56;4;64.09
56;10;9.36
56;11;81.40
56;12;80.79
56;16;15.72
56;17;87.29
56;19;4.81
56;24;9.77
56;25;55.36
56;26;59.98
56;27;63.74
56;49;77.33
56;50;38.66
56;51;71.07
56;52;53.28
56;8;20.21
56;13;79.66
56;18;13.13
56;21;21.06
56;23;59.26
56;28;38.24
56;29;31.97
56;30;61.29
56;31;84.42
56;34;84.84
56;35;42.76
56;36;78.80
56;40;75.06
56;42;5.62
56;43;10.53
56;45;50.61
56;47;41.26
56;48;21.18
56;54;62.24
56;57;60.95
56;59;2.63
56;61;78.13
56;62;13.63
56;64;59.72
56;70;7.53
56;74;13.49
56;77;83.69
56;78;27.20
56;79;39.05
56;84;78.89
56;85;20.60
56;89;5.40
56;94;85.46
56;98;27.59
56;99;66.75
56;63;82.50
56;71;6.21
56;76;25.69
56;80;27.15
56;83;53.25
56;87;53.87
56;91;49.67
56;92;64.21
56;97;16.38
57;0;49.40
57;6;40.09
57;9;40.65
57;12;68.96
57;18;15.00
57;19;47.54
57;21;69.50
57;25;2.34
57;28;18.27
57;33;78.71
57;39;61.32
57;49;12.21
57;56;60.95
57;1;57.34
57;3;1.34
57;4;88.23
57;15;76.51
57;16;43.41
57;23;75.33
57;26;79.78
57;29;73.44
57;30;53.77
57;31;30.38
57;38;77.63
57;44;86.45
57;48;8.00
57;52;62.51
57;53;11.52
57;60;46.51
57;63;74.30
57;64;52.08
57;69;21.40
57;72;76.41
57;74;48.92
57;76;54.15
57;81;83.96
57;82;7.73
57;92;33.22
57;93;12.55
57;98;27.10
57;61;87.39
57;62;59.41
57;65;76.01
57;83;38.08
57;84;33.39
57;86;43.44
57;87;80.58
57;96;84.02
58;0;38.08
58;2;42.00
58;3;26.46
58;7;20.35
58;12;80.81
58;14;57.51
58;17;32.39
58;22;38.26
58;28;67.95
58;29;18.24
58;30;82.04
58;31;2.38
58;32;30.77
58;37;41.56
58;39;62.45
58;41;65.04
58;46;66.81
58;53;52.59
58;54;56.61
58;9;32.58
58;10;38.69
58;16;65.10
58;36;3.71
58;38;79.36
58;40;89.47
58;48;47.25
58;49;35.69
58;50;84.03
58;60;65.20
58;66;70.23
58;68;85.38
58;73;81.77
58;76;27.92
58;77;3.11
58;80;24.53
58;81;65.28
58;83;69.62
58;85;45.76
58;86;63.64
58;90;58.81
58;94;47.07
58;95;23.52
58;96;80.65
58;99;10.23
58;67;57.14
58;72;59.65
58;74;1.61
58;75;75.87
58;78;36.78
58;79;42.33
58;84;48.24
58;93;63.43
58;97;44.77
59;5;88.11
59;22;25.04
59;28;56.52
59;29;8.91
59;30;4.44
59;32;24.15
59;34;58.97
59;37;13.27
59;40;27.44
59;49;20.65
59;55;22.12
59;56;2.63
59;4;51.52
59;8;10.65
59;10;50.14
59;12;77.28
59;13;69.38
59;24;23.05
59;27;75.18
59;35;16.12
59;41;36.89
59;46;10.05
59;48;19.42
59;60;14.43
59;64;21.87
59;65;75.43
59;67;36.13
59;68;34.85
59;73;88.06
59;78;68.29
59;83;58.17
59;86;42.93
59;88;36.49
59;92;84.43
59;94;24.39
59;62;61.96
59;71;50.94
59;72;17.40
59;74;34.07
59;76;39.95
59;79;50.30
59;81;37.46
59;85;38.12
59;89;37.91
59;90;59.81
59;93;2.45
59;95;47.19
59;98;87.71
60;0;61.94
60;4;70.12
60;11;68.00
60;15;76.22
60;16;51.15
60;18;85.25
60;20;53.97
60;21;78.86
60;23;34.99
60;26;32.10
60;30;72.13
60;34;70.26
60;38;83.56
60;40;82.55
60;41;10.26
60;42;52.40
60;43;22.26
60;47;63.15
60;48;23.05
60;50;35.11
60;53;38.56
60;57;46.51
60;58;65.20
60;59;14.43
60;3;28.48
60;6;8.73
60;9;45.04
60;10;67.23
60;12;41.28
60;13;72.90
60;17;13.39
60;22;48.12
60;25;22.00
60;33;82.58
60;37;72.05
60;44;24.84
60;51;21.78
60;55;46.81
60;65;17.03
60;67;53.78
60;69;49.82
60;72;13.98
60;77;17.48
60;79;20.21
60;84;8.26
60;93;1.20
60;96;46.76
60;97;22.72
60;68;11.75
60;70;15.94
60;71;7.07
60;75;13.20
60;80;48.82
60;81;68.38
60;87;5.65
60;90;43.97
60;94;45.68
60;95;8.70
61;2;66.87
61;4;14.25
61;5;24.33
61;6;68.51
61;11;49.87
61;15;62.34
61;19;48.15
61;23;21.25
61;24;84.81
61;25;29.18
61;26;8.94
61;28;58.05
61;30;3.19
61;35;57.05
61;36;72.31
61;38;5.29
61;39;70.54
61;40;11.60
61;41;55.82
61;44;68.42
61;45;7.56
61;48;19.81
61;51;25.44
61;53;55.79
61;54;77.93
61;56;78.13
61;0;40.81
61;8;54.00
61;9;60.03
61;27;34.37
61;46;16.32
61;50;28.98
61;57;87.39
61;63;13.79
61;66;11.75
61;73;71.82
61;76;9.79
61;77;62.96
61;83;88.00
61;91;69.88
61;94;49.49
61;98;89.49
61;99;88.65
61;64;84.27
61;65;57.14
61;69;24.61
61;70;22.61
61;78;45.64
61;80;1.61
61;82;56.16
61;85;37.82
61;86;13.47
61;92;62.86
62;2;40.68
62;7;39.16
62;13;81.90
62;29;76.01
62;37;12.84
62;40;34.44
62;42;63.36
62;43;17.93
62;50;10.61
62;53;70.68
62;55;81.09
62;56;13.63
62;1;11.30
62;3;61.79
62;4;64.53
62;5;41.85
62;6;19.41
62;11;68.70
62;14;59.94
62;18;47.00
62;19;78.06
62;21;12.91
62;23;71.72
62;36;7.98
62;51;76.70
62;52;64.71
62;57;59.41
62;59;61.96
62;68;31.97
62;69;17.17
62;75;89.84
62;78;71.52
62;80;3.43
62;82;45.36
62;84;44.55
62;86;50.68
62;88;64.58
62;93;23.35
62;95;78.72
62;63;72.83
62;64;8.57
62;72;84.05
62;73;47.32
62;77;32.75
62;92;68.97
62;96;79.14
62;97;80.66
62;98;59.46
63;10;28.16
63;20;74.80
63;23;50.79
63;25;12.42
63;27;86.14
63;28;73.68
63;32;51.99
63;34;76.27
63;37;54.14
63;38;65.68
63;39;12.95
63;42;88.64
63;43;39.50
63;44;26.66
63;50;20.15
63;57;74.30
63;61;13.79
63;1;78.68
63;3;87.07
63;4;58.32
63;7;28.07
63;8;53.48
63;9;21.97
63;11;57.09
63;16;73.19
63;17;8.74
63;31;57.08
63;56;82.50
63;62;72.83
63;64;22.62
63;65;56.34
63;72;64.71
63;73;55.92
63;75;65.76
63;80;1.55
63;81;41.58
63;82;8.94
63;86;86.75
63;87;63.04
63;88;30.27
63;89;38.01
63;90;54.79
63;96;81.37
63;68;16.55
63;70;85.82
63;71;86.72
63;76;19.57
63;77;19.54
63;93;45.43
63;98;4.93
64;1;72.32
64;2;23.41
64;3;63.00
64;6;42.65
64;10;65.97
64;13;70.63
64;21;62.00
64;26;80.19
64;29;12.99
64;32;32.63
64;33;29.53
64;34;80.40
64;37;55.70
64;40;68.64
64;41;78.71
64;47;13.49
64;55;36.68
64;56;59.72
64;57;52.08
64;59;21.87
64;63;22.62
64;5;85.55
64;14;10.71
64;16;47.67
64;23;19.33
64;27;13.60
64;31;8.28
64;36;76.34
64;39;85.08
64;45;77.08
64;51;36.34
64;53;45.86
64;61;84.27
64;62;8.57
64;70;54.69
64;78;38.38
64;79;11.45
64;81;55.37
64;86;88.35
64;90;48.19
64;97;83.31
64;65;59.71
64;68;56.28
64;69;71.39
64;71;4.76
64;72;8.26
64;73;36.61
64;74;54.29
64;83;5.02
64;84;44.11
64;87;72.88
64;88;75.82
64;93;84.64
65;1;72.46
65;3;14.22
65;5;77.47
65;6;73.02
65;7;59.99
65;8;20.21
65;13;50.22
65;15;19.61
65;16;11.93
65;17;19.70
65;20;8.21
65;21;58.68
65;24;29.43
65;25;53.07
65;26;33.18
65;29;80.26
65;32;1.45
65;41;54.40
65;42;56.97
65;43;62.08
65;47;28.12
65;59;75.43
65;60;17.03
65;63;56.34
65;4;71.56
65;10;49.43
65;11;41.65
65;12;32.03
65;18;85.15
65;19;51.40
65;27;4.22
65;30;55.49
65;33;42.27
65;34;42.97
65;35;32.31
65;38;57.98
65;39;58.75
65;46;31.55
65;50;38.02
65;52;72.18
65;53;25.68
65;54;53.43
65;55;65.09
65;57;76.01
65;61;57.14
65;64;59.71
65;66;10.94
65;72;11.86
65;75;12.20
65;77;80.80
65;78;50.05
65;79;44.06
65;80;52.35
65;82;65.21
65;87;41.55
65;93;87.73
65;99;58.75
65;68;28.87
65;70;73.29
65;71;21.16
65;85;47.72
65;88;16.03
65;95;35.75
65;98;48.86
66;5;10.84
66;9;77.84
66;28;51.70
66;35;17.64
66;38;5.93
66;39;74.15
66;49;52.20
66;50;62.31
66;51;19.34
66;55;58.04
66;58;70.23
66;61;11.75
66;65;10.94
66;0;75.81
66;15;11.89
66;16;25.62
66;21;29.60
66;26;32.14
66;29;9.23
66;30;42.71
66;31;20.19
66;33;74.64
66;45;56.08
66;47;73.66
66;54;7.25
66;71;89.82
66;76;30.22
66;79;79.09
66;80;84.50
66;82;35.55
66;83;2.94
66;84;77.95
