source;target;label
0;2;59.10
0;6;1.89
0;13;2.26
0;14;22.46
0;17;69.39
0;18;27.73
0;21;8.16
0;22;83.04
0;27;81.88
0;33;20.54
0;34;15.11
0;37;22.26
0;43;83.91
0;54;2.29
0;62;27.47
0;63;1.46
0;66;70.21
0;68;63.99
0;73;31.80
0;74;49.10
0;75;86.27
0;78;9.04
0;79;84.78
0;80;25.35
0;82;49.69
0;86;23.59
0;88;33.50
0;93;33.92
0;94;43.36
0;96;24.17
0;98;19.08
0;99;58.07
0;3;24.72
0;4;22.60
0;10;31.94
0;11;52.15
0;23;42.73
0;26;85.85
0;32;70.09
0;35;40.20
0;41;87.84
0;44;49.34
0;45;64.59
0;46;8.60
0;55;7.62
0;60;13.18
0;72;22.43
0;97;18.89
1;5;51.38
1;8;54.10
1;9;12.69
1;12;51.21
1;16;48.53
1;19;64.72
1;20;68.26
1;26;89.66
1;27;34.34
1;30;87.39
1;31;12.93
1;32;50.51
1;37;47.02
1;39;78.22
1;42;76.22
1;44;71.60
1;46;77.19
1;48;79.38
1;50;30.77
1;56;64.61
1;59;26.94
1;61;84.46
1;66;28.94
1;68;45.83
1;70;84.05
1;78;39.59
1;80;33.64
1;84;81.95
1;86;42.25
1;93;70.67
1;94;52.30
1;96;60.73
1;2;78.39
1;3;54.22
1;15;88.48
1;22;27.09
1;23;24.19
1;33;61.69
1;40;84.25
1;41;89.13
1;49;69.22
1;53;14.72
1;60;86.53
1;73;57.41
1;75;52.40
1;79;18.86
1;88;53.98
1;90;9.79
1;92;3.54
1;95;12.40
1;98;66.18
2;0;59.10
2;1;78.39
2;4;44.37
2;5;24.22
2;6;57.43
2;10;40.54
2;14;30.49
2;17;36.30
2;18;42.23
2;19;80.22
2;30;2.75
2;34;32.47
2;35;81.81
2;37;80.41
2;38;34.76
2;44;36.29
2;48;84.17
2;50;89.08
2;56;50.08
2;61;25.14
2;70;7.11
2;71;27.51
2;73;5.14
2;78;27.73
2;81;50.58
2;83;27.64
2;87;13.05
2;88;13.00
2;92;66.65
2;98;69.62
2;7;49.25
2;12;85.32
2;13;89.60
2;15;37.74
2;20;66.65
2;21;66.06
2;33;15.50
2;43;35.26
2;49;1.35
2;60;3.17
2;62;65.61
2;63;79.60
2;65;75.53
2;69;74.20
2;79;67.20
2;82;8.57
2;89;17.94
2;91;58.89
2;95;86.10
3;0;24.72
3;1;54.22
3;6;26.70
3;7;46.46
3;12;70.66
3;18;15.12
3;20;74.58
3;22;48.69
3;23;33.58
3;29;50.50
3;34;35.78
3;37;29.19
3;38;70.05
3;39;43.29
3;40;65.93
3;44;1.79
3;48;78.65
3;50;45.92
3;51;27.01
3;57;49.96
3;59;86.06
3;60;78.53
3;63;26.14
3;67;42.32
3;70;11.73
3;74;54.78
3;78;68.69
3;84;61.49
3;90;37.08
3;91;76.24
3;95;79.77
3;5;39.49
3;8;53.98
3;11;42.82
3;15;11.78
3;16;4.15
3;19;71.45
3;21;5.16
3;28;24.05
3;30;48.69
3;33;80.62
3;35;4.91
3;36;35.16
3;46;6.71
3;56;86.01
3;58;10.03
3;62;47.04
3;64;87.67
3;66;85.58
3;69;13.67
3;71;46.62
3;72;64.88
3;83;82.06
3;85;6.94
3;87;83.22
3;92;69.39
3;93;44.35
3;94;70.93
3;97;89.72
4;2;44.37
4;0;22.60
4;5;71.42
4;8;88.09
4;10;35.68
4;12;57.04
4;14;64.34
4;15;51.71
4;17;29.31
4;23;13.20
4;24;25.64
4;25;2.82
4;31;45.54
4;33;83.07
4;35;19.35
4;36;30.80
4;37;51.70
4;39;63.50
4;40;5.58
4;41;1.34
4;44;38.30
4;53;69.47
4;55;40.14
4;63;23.58
4;65;51.23
4;66;78.58
4;68;42.12
4;70;33.44
4;87;1.38
4;89;63.14
4;96;53.19
4;9;47.86
4;18;48.14
4;29;56.11
4;32;56.79
4;45;80.44
4;47;65.34
4;52;26.68
4;58;87.76
4;59;41.36
4;64;19.56
4;67;85.74
4;72;47.19
4;73;11.14
4;75;7.23
4;77;74.02
4;79;37.94
4;82;79.43
4;88;66.11
4;90;59.97
4;91;14.12
4;93;35.57
5;1;51.38
5;2;24.22
5;4;71.42
5;3;39.49
5;7;2.55
5;9;77.41
5;10;12.21
5;11;7.42
5;27;49.92
5;28;45.86
5;29;36.82
5;31;18.76
5;35;11.68
5;40;73.06
5;42;85.87
5;46;53.93
5;58;17.33
5;62;85.63
5;63;35.12
5;75;32.79
5;76;15.12
5;81;66.67
5;84;74.26
5;94;8.20
5;95;71.54
5;96;85.80
5;6;25.23
5;13;8.60
5;17;41.00
5;20;87.57
5;22;55.73
5;24;85.67
5;32;73.83
5;34;31.53
5;41;7.45
5;48;20.53
5;49;18.47
5;50;27.27
5;54;81.68
5;55;41.21
5;60;19.20
5;64;73.26
5;65;70.12
5;68;88.57
5;69;47.08
5;72;66.71
5;73;25.12
5;74;54.66
5;77;85.53
5;82;54.78
5;98;70.60
6;0;1.89
6;2;57.43
6;3;26.70
6;5;25.23
6;7;7.56
6;9;3.30
6;10;26.33
6;12;7.73
6;27;81.74
6;28;89.54
6;30;32.31
6;33;56.06
6;41;2.14
6;47;8.66
6;49;89.86
6;60;87.21
6;62;82.30
6;67;63.33
6;70;63.38
6;78;28.29
6;79;1.96
6;85;13.28
6;89;34.50
6;94;45.39
6;97;88.69
6;98;38.09
6;99;58.43
6;8;81.96
6;11;71.52
6;15;63.64
6;23;85.76
6;26;50.58
6;31;78.50
6;38;81.31
6;40;65.42
6;46;9.96
6;48;11.69
6;51;86.98
6;52;40.23
6;61;52.86
6;63;83.11
6;68;53.71
6;71;44.98
6;72;72.76
6;76;88.70
6;81;4.70
6;82;86.02
6;83;65.53
6;86;6.71
6;88;87.47
6;91;84.77
6;92;22.91
7;3;46.46
7;5;2.55
7;6;7.56
7;2;49.25
7;8;62.20
7;10;30.43
7;11;8.62
7;14;36.79
7;17;76.82
7;18;50.79
7;22;66.23
7;24;84.13
7;27;25.70
7;31;51.96
7;36;78.47
7;40;85.38
7;45;21.35
7;64;23.55
7;66;43.70
7;68;41.58
7;77;8.48
7;80;43.92
7;85;85.41
7;87;26.79
7;92;73.80
7;95;4.81
7;96;37.73
7;9;9.41
7;15;27.68
7;16;10.05
7;19;38.88
7;21;76.26
7;23;77.16
7;26;31.39
7;28;13.02
7;38;55.41
7;39;76.29
7;43;22.46
7;44;22.52
7;48;8.67
7;51;10.60
7;52;40.65
7;57;33.31
7;58;68.57
7;60;89.25
7;62;58.10
7;70;7.50
7;73;40.98
7;76;33.95
7;81;78.39
7;82;73.17
7;86;30.88
7;93;40.78
8;1;54.10
8;4;88.09
8;7;62.20
8;3;53.98
8;6;81.96
8;15;66.47
8;20;5.75
8;32;49.97
8;33;36.57
8;38;51.30
8;46;57.40
8;50;76.47
8;52;81.66
8;53;13.21
8;54;76.97
8;56;79.30
8;59;34.27
8;60;25.54
8;62;8.76
8;63;10.17
8;68;24.23
8;75;22.12
8;78;81.01
8;80;39.20
8;84;21.11
8;90;48.30
8;95;28.94
8;97;26.97
8;99;86.18
8;13;48.81
8;16;69.05
8;17;84.29
8;21;41.48
8;27;4.46
8;28;38.15
8;30;34.91
8;35;20.35
8;37;53.89
8;41;3.69
8;45;62.36
8;47;23.66
8;48;42.59
8;49;21.69
8;55;79.51
8;57;10.36
8;58;64.53
8;61;12.75
8;65;9.13
8;66;6.76
8;69;80.09
8;71;41.44
8;72;28.63
8;73;58.52
8;76;68.79
8;77;89.62
8;82;37.22
8;83;79.84
8;88;34.08
8;93;4.08
8;94;81.49
8;96;44.48
9;1;12.69
9;5;77.41
9;6;3.30
9;4;47.86
9;7;9.41
9;11;65.94
9;12;44.23
9;21;36.97
9;25;86.48
9;26;44.37
9;27;1.44
9;31;38.24
9;38;73.61
9;52;83.82
9;55;86.12
9;56;73.81
9;59;60.21
9;61;65.62
9;62;13.41
9;65;6.10
9;66;44.87
9;78;85.80
9;85;40.12
9;90;75.24
9;92;64.50
9;93;8.53
9;99;11.15
9;14;78.26
9;28;59.90
9;29;68.07
9;37;23.64
9;40;3.73
9;44;2.24
9;48;29.70
9;51;7.71
9;53;14.91
9;58;24.45
9;63;47.17
9;76;7.63
9;83;43.02
9;88;70.92
9;89;58.43
9;96;70.16
10;2;40.54
10;4;35.68
10;5;12.21
10;6;26.33
10;7;30.43
10;0;31.94
10;11;67.06
10;14;19.43
10;16;16.05
10;17;66.55
10;18;80.68
10;19;69.93
10;20;73.59
10;21;62.86
10;32;12.01
10;45;15.12
10;46;58.07
10;51;30.08
10;54;16.87
10;55;60.68
10;59;85.48
10;62;70.57
10;64;77.81
10;65;16.45
10;67;29.70
10;68;30.43
10;71;48.71
10;73;7.54
10;74;45.15
10;76;69.41
10;77;68.87
10;81;58.34
10;83;24.94
10;84;79.21
10;85;12.66
10;89;54.63
10;90;15.62
10;91;16.89
10;92;58.55
10;93;26.39
10;94;8.56
10;95;34.56
10;12;4.80
10;23;1.08
10;27;71.07
10;29;41.61
10;36;73.66
10;44;12.60
10;47;53.71
10;48;5.83
10;52;70.96
10;57;30.41
10;60;35.84
10;63;79.30
10;70;44.83
10;72;68.84
10;75;60.68
10;82;19.95
10;87;74.11
11;5;7.42
11;7;8.62
11;9;65.94
11;10;67.06
11;0;52.15
11;3;42.82
11;6;71.52
11;15;54.84
11;23;86.87
11;24;15.20
11;28;73.45
11;34;23.12
11;37;80.64
11;44;20.41
11;45;67.36
11;52;41.89
11;54;61.84
11;56;80.08
11;57;19.54
11;70;46.11
11;72;76.71
11;75;46.46
11;78;10.56
11;85;63.66
11;86;54.24
11;88;23.40
11;94;18.75
11;98;7.32
11;12;23.75
11;14;16.90
11;19;4.36
11;25;77.38
11;26;4.13
11;32;59.31
11;33;87.36
11;35;43.83
11;40;24.65
11;47;78.57
11;50;13.12
11;55;2.36
11;58;20.18
11;59;17.61
11;63;22.97
11;65;69.64
11;71;54.07
11;73;9.50
11;76;28.21
11;77;57.33
11;89;76.36
11;93;6.70
11;95;29.31
11;97;69.98
12;1;51.21
12;3;70.66
12;4;57.04
12;6;7.73
12;9;44.23
12;2;85.32
12;10;4.80
12;11;23.75
12;22;30.82
12;25;16.20
12;30;43.36
12;31;9.79
12;32;62.46
12;34;44.36
12;35;24.23
12;39;21.05
12;40;52.43
12;54;35.70
12;60;37.29
12;66;15.92
12;69;33.07
12;70;49.77
12;72;61.97
12;73;78.12
12;76;24.53
12;80;15.14
12;86;2.73
12;88;56.07
12;95;76.91
12;14;10.99
12;17;51.07
12;19;5.95
12;21;76.12
12;23;15.20
12;26;83.48
12;27;66.04
12;28;51.58
12;29;75.11
12;38;86.76
12;42;51.99
12;46;58.89
12;50;73.57
12;52;13.20
12;55;38.47
12;58;74.02
12;61;63.49
12;62;68.49
12;63;55.76
12;67;11.03
12;68;54.21
12;71;9.05
12;81;14.22
12;85;9.44
12;92;73.02
12;93;54.96
12;97;18.31
13;0;2.26
13;2;89.60
13;5;8.60
13;8;48.81
13;14;17.39
13;20;86.23
13;24;44.47
13;29;83.47
13;34;50.35
13;35;19.15
13;39;71.97
13;46;37.88
13;49;55.74
13;53;82.53
13;54;54.51
13;56;4.94
13;57;49.96
13;58;4.20
13;59;68.75
13;62;31.95
13;66;85.60
13;71;54.60
13;77;89.64
13;79;31.47
13;83;13.24
13;86;34.33
13;87;28.74
13;90;44.37
13;92;34.97
13;93;25.03
13;99;79.02
13;15;13.85
13;16;77.22
13;18;33.86
13;22;84.92
13;27;89.26
13;32;74.61
13;33;52.74
13;37;43.46
13;44;17.65
13;45;25.39
13;48;60.10
13;51;67.06
13;60;18.92
13;61;79.10
13;63;17.93
13;67;18.74
13;68;14.42
13;73;5.30
13;74;20.81
13;76;66.73
13;78;13.87
13;80;43.62
13;84;82.22
13;89;39.93
13;94;57.53
13;96;46.70
14;0;22.46
14;2;30.49
14;4;64.34
14;7;36.79
14;10;19.43
14;13;17.39
14;9;78.26
14;11;16.90
14;12;10.99
14;15;87.92
14;19;67.75
14;20;1.69
14;27;44.06
14;36;2.53
14;37;25.79
14;38;61.49
14;44;4.89
14;47;86.06
14;55;5.39
14;56;71.54
14;60;41.25
14;65;38.65
14;67;47.64
14;68;16.62
14;69;62.96
14;75;73.20
14;85;37.70
14;86;57.28
14;88;30.10
14;90;75.62
14;91;65.07
14;92;69.22
14;94;80.18
14;96;80.35
14;22;33.62
14;24;44.59
14;32;78.05
14;43;12.24
14;45;13.37
14;48;8.81
14;51;11.83
14;52;26.01
14;53;63.73
14;61;19.66
14;63;86.15
14;82;39.41
14;83;81.71
14;84;39.96
14;93;88.07
15;4;51.71
15;8;66.47
15;11;54.84
15;14;87.92
15;1;88.48
15;2;37.74
15;3;11.78
15;6;63.64
15;7;27.68
15;13;13.85
15;18;42.14
15;20;52.92
15;22;14.27
15;24;18.66
15;26;77.10
15;28;64.37
15;30;21.85
15;34;84.67
15;39;46.48
15;41;69.27
15;42;77.25
15;43;33.98
15;50;64.19
15;52;71.46
15;58;76.54
15;59;66.70
15;71;88.67
15;73;75.90
15;79;47.76
15;83;61.23
15;86;58.46
15;88;13.02
15;91;60.57
15;94;24.65
15;98;82.53
15;99;41.54
15;32;17.84
15;47;79.91
15;48;16.40
15;57;9.56
15;61;44.45
15;62;27.35
15;63;51.35
15;68;82.27
15;69;80.14
15;74;68.42
15;81;34.67
15;84;77.13
15;93;51.13
15;96;46.73
16;1;48.53
16;10;16.05
16;3;4.15
16;7;10.05
16;8;69.05
16;13;77.22
16;19;77.18
16;20;61.48
16;21;25.81
16;26;33.34
16;28;77.50
16;34;38.73
16;40;85.44
16;42;55.48
16;47;57.26
16;50;55.99
16;51;35.94
16;55;19.73
16;57;16.13
16;59;12.57
16;60;85.11
16;62;41.87
16;68;16.25
16;70;3.13
16;71;50.08
16;80;24.89
16;82;28.24
16;85;70.50
16;86;69.02
16;88;53.39
16;97;53.99
16;22;69.94
16;25;56.67
16;27;27.41
16;37;2.94
16;38;84.59
16;46;68.58
16;52;47.14
16;65;9.62
16;66;14.90
16;72;12.43
16;75;9.30
16;78;1.74
16;79;1.69
16;81;73.42
16;84;58.84
16;89;13.58
16;96;17.88
17;0;69.39
17;2;36.30
17;4;29.31
17;7;76.82
17;10;66.55
17;5;41.00
17;8;84.29
17;12;51.07
17;19;78.00
17;23;49.62
17;24;20.60
17;25;6.47
17;26;66.96
17;29;68.11
17;34;5.80
17;41;47.18
17;42;10.51
17;51;55.90
17;54;79.93
17;55;56.30
17;60;71.37
17;61;27.32
17;62;58.86
17;63;16.88
17;64;46.78
17;70;57.24
17;71;89.28
17;72;72.86
17;76;54.99
17;77;10.06
17;82;74.24
17;84;72.83
17;86;26.22
17;87;46.95
17;90;23.84
17;92;51.45
17;94;22.36
17;33;12.32
17;35;22.76
17;37;12.00
17;53;21.82
17;66;75.95
17;73;82.26
17;74;82.38
17;75;6.32
17;78;29.51
17;85;53.81
17;89;66.08
17;91;73.79
17;95;74.49
17;97;72.23
17;98;34.80
18;0;27.73
18;2;42.23
18;3;15.12
18;7;50.79
18;10;80.68
18;15;42.14
18;4;48.14
18;13;33.86
18;23;59.80
18;25;76.26
18;26;87.11
18;28;51.51
18;31;24.53
18;32;58.87
18;35;51.89
18;42;10.03
18;49;11.37
18;52;15.54
18;61;35.99
18;62;51.28
18;66;31.23
18;67;67.05
18;72;5.06
18;78;24.01
18;86;16.58
18;88;65.38
18;89;53.43
18;90;31.30
18;91;40.18
18;96;79.54
18;20;88.71
18;24;70.76
18;27;22.73
18;29;25.47
18;30;36.39
18;40;88.06
18;44;89.52
18;46;25.86
18;48;76.35
18;51;49.64
18;53;24.53
18;56;5.25
18;65;49.17
18;68;20.92
18;77;36.19
18;80;88.48
18;81;25.12
18;82;40.92
18;93;73.80
18;95;28.35
18;97;55.84
19;1;64.72
19;2;80.22
19;10;69.93
19;14;67.75
19;16;77.18
19;17;78.00
19;3;71.45
19;7;38.88
19;11;4.36
19;12;5.95
19;21;59.33
19;27;84.08
19;29;24.99
19;34;33.83
19;35;12.12
19;37;7.28
19;43;4.39
19;44;43.92
19;46;58.67
19;47;41.90
19;52;78.98
19;53;7.18
19;54;17.83
19;57;36.04
19;61;68.71
19;63;41.85
19;65;18.67
19;69;67.04
19;79;19.88
19;85;7.98
19;88;20.18
19;90;69.11
19;91;66.33
19;22;89.08
19;31;83.43
19;36;67.49
19;41;83.61
19;42;21.00
19;48;81.17
19;49;27.43
19;50;5.21
19;59;61.66
19;60;73.65
19;62;28.78
19;64;42.95
19;71;21.88
19;74;9.32
19;82;44.11
19;89;32.87
19;98;79.59
19;99;47.53
20;1;68.26
20;3;74.58
20;8;5.75
20;10;73.59
20;13;86.23
20;14;1.69
20;15;52.92
20;16;61.48
20;2;66.65
20;5;87.57
20;18;88.71
20;26;84.27
20;32;45.88
20;33;20.20
20;46;57.65
20;47;3.57
20;51;25.55
20;52;19.62
20;53;27.42
20;54;59.31
20;55;29.43
20;57;35.49
20;62;19.74
20;63;30.27
20;67;58.84
20;69;60.98
20;72;77.28
20;73;22.18
20;74;56.58
20;80;76.04
20;83;56.40
20;94;88.88
20;96;24.21
20;23;31.26
20;24;69.33
20;30;14.83
20;34;30.38
20;41;34.63
20;42;21.32
20;43;84.07
20;50;60.93
20;56;58.55
20;61;13.68
20;78;6.68
20;79;20.39
20;85;60.53
20;89;39.60
20;92;1.57
20;93;23.48
21;0;8.16
21;9;36.97
21;10;62.86
21;16;25.81
21;19;59.33
21;2;66.06
21;3;5.16
21;7;76.26
21;8;41.48
21;12;76.12
21;25;74.50
21;34;66.75
21;36;69.19
21;42;55.95
21;46;31.45
21;47;42.07
21;49;9.85
21;52;54.10
21;53;6.88
21;54;68.64
21;55;78.79
21;57;43.07
21;73;64.28
21;74;74.86
21;76;19.69
21;77;80.40
21;80;30.75
21;84;83.93
21;85;58.56
21;91;38.70
21;93;20.72
21;23;21.58
21;28;89.66
21;31;85.05
21;33;2.47
21;38;60.46
21;40;65.57
21;50;70.94
21;51;80.32
21;56;67.95
21;58;61.89
21;59;79.90
21;63;71.06
21;64;36.15
21;66;66.90
21;67;50.30
21;70;25.35
21;79;57.03
21;81;39.05
21;90;74.23
22;0;83.04
22;3;48.69
22;7;66.23
22;12;30.82
22;15;14.27
22;1;27.09
22;5;55.73
22;13;84.92
22;14;33.62
22;16;69.94
22;19;89.08
22;24;33.67
22;27;31.85
22;29;1.70
22;30;73.02
22;31;66.59
22;33;88.12
22;34;42.26
22;40;81.81
22;49;8.11
22;51;36.78
22;59;71.74
22;60;15.22
22;67;8.95
22;70;18.11
22;75;60.20
22;76;56.00
22;79;33.77
22;94;70.11
22;23;78.55
22;32;9.29
22;41;75.54
22;42;84.83
22;55;30.93
22;58;20.21
22;68;61.38
22;72;57.68
22;73;29.73
22;84;33.80
22;87;55.57
22;88;88.57
22;89;31.99
22;91;60.24
22;98;34.41
22;99;85.93
23;3;33.58
23;4;13.20
23;11;86.87
23;17;49.62
23;18;59.80
23;0;42.73
23;1;24.19
23;6;85.76
23;7;77.16
23;10;1.08
23;12;15.20
23;20;31.26
23;21;21.58
23;22;78.55
23;25;76.35
23;26;74.78
23;31;50.23
23;33;19.12
23;34;86.80
23;35;45.53
23;36;54.03
23;41;15.53
23;42;1.43
23;45;24.33
23;56;60.37
23;58;53.62
23;63;85.51
23;64;36.13
23;68;19.02
23;77;40.34
23;78;14.81
23;87;17.73
23;94;43.67
23;95;9.32
23;97;73.84
23;28;41.05
23;29;23.01
23;37;61.55
23;46;4.00
23;50;63.54
23;52;43.64
23;60;47.98
23;61;28.42
23;62;40.40
23;65;54.80
23;70;41.28
23;73;19.85
23;76;68.49
23;79;15.62
23;81;1.45
23;84;39.72
23;85;49.15
23;89;61.94
24;4;25.64
24;7;84.13
24;11;15.20
24;13;44.47
24;15;18.66
24;17;20.60
24;22;33.67
24;5;85.67
24;14;44.59
24;18;70.76
24;20;69.33
24;29;50.99
24;30;81.04
24;31;46.00
24;35;64.61
24;40;49.81
24;44;65.76
24;53;22.77
24;54;35.54
24;56;87.27
24;59;73.80
24;62;52.64
24;69;52.59
24;70;76.89
24;71;43.93
24;86;49.90
24;89;64.13
24;92;17.14
24;95;11.31
24;96;42.01
24;26;46.70
24;27;34.26
24;28;13.70
24;41;53.83
24;46;59.02
24;47;36.75
24;50;49.71
24;52;25.71
24;55;76.39
24;58;17.86
24;64;14.17
24;66;26.46
24;68;33.40
24;72;3.12
24;73;35.71
24;74;63.41
24;76;3.51
24;83;29.94
24;85;76.60
24;98;61.04
25;4;2.82
25;9;86.48
25;12;16.20
25;17;6.47
25;18;76.26
25;21;74.50
25;23;76.35
25;11;77.38
25;16;56.67
25;27;59.32
25;28;25.50
25;35;74.12
25;36;71.22
25;38;64.78
25;39;44.03
25;44;31.36
25;46;5.82
25;49;28.06
25;50;8.12
25;54;65.99
25;61;82.85
25;62;87.26
25;67;33.92
25;68;28.09
25;73;7.35
25;74;73.66
25;75;41.78
25;76;16.91
25;78;18.29
25;82;27.72
25;87;6.05
25;88;19.83
25;91;30.31
25;97;49.65
25;34;3.42
25;40;89.87
25;41;83.95
25;59;58.99
25;64;7.75
25;72;44.52
25;84;22.78
25;93;31.15
25;94;38.48
25;96;21.68
26;1;89.66
26;9;44.37
26;15;77.10
26;16;33.34
26;17;66.96
26;18;87.11
26;20;84.27
26;23;74.78
26;0;85.85
26;6;50.58
26;7;31.39
26;11;4.13
26;12;83.48
26;24;46.70
26;28;13.51
26;29;50.73
26;32;17.16
26;33;44.13
26;34;15.50
26;42;9.92
26;43;62.91
26;45;36.81
26;46;8.96
26;50;5.18
26;51;87.92
26;53;31.26
26;54;88.62
26;56;87.06
26;65;3.99
26;66;74.16
26;71;33.51
26;76;4.84
26;78;75.70
26;80;11.02
26;86;72.81
26;88;87.45
26;90;29.40
26;91;39.13
26;97;4.36
26;99;31.16
26;27;76.44
26;41;67.51
26;59;30.76
26;61;34.03
26;62;36.15
26;64;77.12
26;79;73.65
26;84;35.62
26;87;57.77
26;92;67.18
26;95;6.57
27;0;81.88
27;1;34.34
27;5;49.92
27;6;81.74
27;7;25.70
27;9;1.44
27;14;44.06
27;19;84.08
27;22;31.85
27;25;59.32
27;8;4.46
27;10;71.07
27;12;66.04
27;13;89.26
27;16;27.41
27;18;22.73
27;24;34.26
27;26;76.44
27;28;5.61
27;30;7.34
27;31;64.96
27;36;29.84
27;37;43.90
27;48;35.83
27;50;55.98
27;53;44.45
27;54;59.79
27;57;18.86
27;61;31.40
27;70;78.49
27;72;6.85
27;73;35.71
27;74;45.97
27;79;76.75
27;87;35.14
27;88;35.45
27;89;35.35
27;91;32.26
27;95;24.64
27;32;75.11
27;33;45.92
27;43;15.23
27;45;47.80
27;69;13.80
27;84;11.42
27;94;14.38
28;5;45.86
28;6;89.54
28;11;73.45
28;15;64.37
28;16;77.50
28;18;51.51
28;25;25.50
28;26;13.51
28;27;5.61
28;3;24.05
28;7;13.02
28;8;38.15
28;9;59.90
28;12;51.58
28;21;89.66
28;23;41.05
28;24;13.70
28;31;79.23
28;33;76.82
28;34;54.93
28;45;46.12
28;46;28.01
28;48;51.62
28;59;25.29
28;60;17.09
28;64;34.90
28;66;83.36
28;67;28.18
28;69;83.40
28;71;46.42
28;72;76.76
28;74;68.68
28;76;39.79
28;78;65.75
28;80;11.77
28;84;23.41
28;89;27.22
28;91;86.99
28;94;16.86
28;29;58.96
28;30;61.75
28;37;89.24
28;43;78.25
28;50;47.57
28;53;4.56
28;56;82.01
28;70;77.18
28;73;18.89
28;83;16.80
28;86;11.12
28;92;18.39
28;96;34.88
29;3;50.50
29;5;36.82
29;13;83.47
29;17;68.11
29;19;24.99
29;22;1.70
29;24;50.99
29;26;50.73
29;4;56.11
29;9;68.07
29;10;41.61
29;12;75.11
29;18;25.47
29;23;23.01
29;28;58.96
29;32;58.52
29;35;67.43
29;45;64.47
29;47;77.75
29;50;48.33
29;52;28.50
29;55;57.04
29;56;54.19
29;64;20.68
29;65;72.53
29;75;10.18
29;76;47.07
29;78;10.31
29;79;81.78
29;80;18.09
29;83;64.37
29;87;56.58
29;88;2.77
29;92;7.17
29;98;36.61
29;40;50.42
29;48;60.76
29;51;17.66
29;53;72.14
29;62;82.28
29;73;64.10
29;74;44.87
29;82;39.24
29;91;39.40
29;93;78.07
29;94;65.60
29;95;55.60
29;96;10.40
29;99;74.30
30;1;87.39
30;2;2.75
30;6;32.31
30;12;43.36
30;15;21.85
30;22;73.02
30;24;81.04
30;27;7.34
30;3;48.69
30;8;34.91
30;18;36.39
30;20;14.83
30;28;61.75
30;31;26.58
30;32;84.12
30;41;83.18
30;43;56.78
30;45;16.19
30;46;18.20
30;47;47.19
30;48;34.01
30;54;86.19
30;56;88.05
30;59;15.42
30;63;36.92
30;65;85.45
30;66;26.24
30;74;17.60
30;81;80.57
30;89;8.64
30;90;69.95
30;92;62.53
30;94;47.13
30;95;38.47
30;34;15.82
30;49;10.29
30;58;16.77
30;62;51.91
30;64;81.05
30;67;89.28
30;72;11.72
30;78;67.71
30;83;67.89
30;88;29.00
30;99;53.14
31;1;12.93
31;4;45.54
31;5;18.76
31;7;51.96
31;9;38.24
31;12;9.79
31;18;24.53
31;22;66.59
31;23;50.23
31;24;46.00
31;27;64.96
31;28;79.23
31;30;26.58
31;6;78.50
31;19;83.43
31;21;85.05
31;32;61.29
31;37;25.98
31;41;17.64
31;42;7.84
31;46;86.12
31;52;3.09
31;57;7.93
31;61;63.54
31;63;19.25
31;64;17.95
31;69;28.35
31;71;52.70
31;85;55.48
31;86;18.12
31;87;57.88
31;90;15.91
31;91;34.16
31;93;63.80
31;96;67.45
31;98;46.76
31;33;76.55
31;40;14.12
31;43;31.32
31;44;79.62
31;49;18.65
31;50;33.40
31;51;70.69
31;66;76.51
31;68;57.60
31;72;6.26
31;76;8.69
31;79;89.78
31;88;42.52
31;95;88.94
32;1;50.51
32;8;49.97
32;10;12.01
32;12;62.46
32;18;58.87
32;20;45.88
32;26;17.16
32;29;58.52
32;30;84.12
32;31;61.29
32;0;70.09
32;4;56.79
32;5;73.83
32;11;59.31
32;13;74.61
32;14;78.05
32;15;17.84
32;22;9.29
32;27;75.11
32;38;27.62
32;39;56.32
32;43;46.59
32;47;21.33
32;52;37.56
32;54;29.35
32;56;53.15
32;57;80.82
32;63;7.82
32;65;25.28
32;69;20.17
32;70;48.32
32;73;59.49
32;76;8.01
32;77;82.22
32;80;88.42
32;81;27.37
32;88;34.16
32;91;81.01
32;94;6.08
32;95;2.68
32;44;19.05
32;45;31.90
32;46;33.78
32;51;11.79
32;53;3.87
32;61;79.32
32;66;70.56
32;72;40.75
32;83;44.78
32;85;25.92
32;86;57.08
32;90;44.81
32;92;48.06
32;93;10.56
32;96;35.32
33;0;20.54
33;4;83.07
33;6;56.06
33;8;36.57
33;20;20.20
33;22;88.12
33;23;19.12
33;26;44.13
33;28;76.82
33;1;61.69
33;2;15.50
33;3;80.62
33;11;87.36
33;13;52.74
33;17;12.32
33;21;2.47
33;27;45.92
33;31;76.55
33;45;61.28
33;46;35.30
33;47;18.29
33;59;71.40
33;62;46.90
33;66;83.69
33;70;71.65
33;71;50.23
33;72;79.93
33;78;19.46
33;79;45.27
33;89;52.15
33;91;7.23
33;92;67.77
33;36;81.10
33;38;32.57
33;41;65.23
33;42;6.40
33;44;36.25
33;48;57.25
33;49;46.62
33;50;84.61
33;51;38.06
33;52;50.97
33;56;64.42
33;64;70.16
33;73;79.37
33;76;64.70
33;83;55.72
33;85;64.15
33;86;57.11
33;87;88.85
33;88;29.91
33;90;53.07
33;95;13.12
33;98;3.40
33;99;10.19
34;0;15.11
34;2;32.47
34;3;35.78
34;11;23.12
34;12;44.36
34;13;50.35
34;15;84.67
34;16;38.73
34;17;5.80
34;19;33.83
34;21;66.75
34;22;42.26
34;23;86.80
34;26;15.50
34;28;54.93
34;5;31.53
34;20;30.38
34;25;3.42
34;30;15.82
34;38;2.44
34;39;74.20
34;46;19.36
34;47;14.25
34;49;36.95
34;50;85.25
34;55;19.25
34;58;39.91
34;60;64.14
34;61;8.29
34;64;22.98
34;69;88.60
34;74;83.33
34;77;81.72
34;82;61.84
34;83;63.41
34;85;58.61
34;91;17.29
34;92;10.16
34;95;74.18
34;96;80.33
34;99;46.59
34;35;35.29
34;43;66.98
34;44;28.14
34;48;64.65
34;53;15.85
34;59;88.28
34;63;21.72
34;67;39.95
34;80;88.09
34;87;83.17
35;2;81.81
35;4;19.35
35;5;11.68
35;12;24.23
35;13;19.15
35;18;51.89
35;19;12.12
35;23;45.53
35;24;64.61
35;25;74.12
35;29;67.43
35;0;40.20
35;3;4.91
35;8;20.35
35;11;43.83
35;17;22.76
35;34;35.29
35;36;60.28
35;40;81.57
35;44;83.66
35;45;80.52
35;49;87.41
35;50;52.40
35;58;15.99
35;60;13.72
35;61;39.20
35;70;74.57
35;79;49.04
35;82;28.68
35;86;5.50
35;88;59.63
35;89;67.23
35;92;87.07
35;52;73.74
35;55;84.13
35;68;8.74
35;69;82.32
35;71;46.33
35;80;45.09
35;81;32.73
35;83;3.97
35;85;47.54
35;90;11.41
35;94;61.39
35;98;53.77
36;4;30.80
36;7;78.47
36;14;2.53
36;21;69.19
36;23;54.03
36;25;71.22
36;27;29.84
36;35;60.28
36;3;35.16
36;10;73.66
36;19;67.49
36;33;81.10
36;37;58.44
36;38;18.89
36;40;23.03
36;42;8.85
36;45;52.25
36;51;64.42
36;56;62.06
36;58;81.42
36;61;9.34
36;62;83.33
36;66;36.97
36;72;27.04
36;74;15.94
36;77;16.09
36;80;66.97
36;86;40.35
36;87;87.40
36;96;83.72
36;99;77.61
36;52;60.92
36;57;65.05
36;59;28.03
36;60;30.93
36;65;14.69
36;67;45.24
36;69;7.39
36;73;11.77
36;76;76.58
36;79;65.51
36;82;31.16
36;89;11.96
36;91;74.23
36;95;68.58
36;97;2.13
37;0;22.26
37;1;47.02
37;2;80.41
37;3;29.19
37;4;51.70
37;11;80.64
37;14;25.79
37;19;7.28
37;27;43.90
37;31;25.98
37;36;58.44
37;8;53.89
37;9;23.64
37;13;43.46
37;16;2.94
37;17;12.00
37;23;61.55
37;28;89.24
37;42;83.11
37;43;37.64
37;48;14.98
37;49;16.21
37;53;24.32
37;54;23.22
37;58;47.36
37;61;64.30
37;62;73.76
37;72;53.31
37;74;43.24
37;79;49.94
37;85;37.89
37;88;78.43
37;91;22.54
37;94;3.48
37;96;26.90
37;39;6.74
37;44;46.16
37;50;11.66
37;52;21.53
37;55;73.75
37;56;64.93
37;64;45.40
37;68;35.74
37;70;10.32
37;73;68.92
37;75;46.11
37;78;38.92
37;83;62.03
37;95;89.90
38;2;34.76
38;3;70.05
38;8;51.30
38;9;73.61
38;14;61.49
38;25;64.78
38;32;27.62
38;34;2.44
38;36;18.89
38;6;81.31
38;7;55.41
38;12;86.76
38;16;84.59
38;21;60.46
38;33;32.57
38;39;54.40
38;44;8.85
38;51;30.49
38;52;84.26
38;54;81.10
38;57;72.06
38;58;44.93
38;66;45.05
38;68;6.79
38;69;76.71
38;71;73.19
38;73;58.97
38;74;73.30
38;77;70.38
38;80;54.95
38;83;39.83
38;85;7.83
38;86;13.10
38;94;29.01
38;95;66.95
38;97;87.04
38;40;34.09
38;48;55.90
38;50;8.96
38;53;36.12
38;59;71.55
38;60;79.64
38;63;51.52
38;76;45.20
38;84;51.32
38;89;40.45
38;91;36.12
38;93;66.74
38;99;52.91
39;1;78.22
39;3;43.29
39;4;63.50
39;12;21.05
39;13;71.97
39;15;46.48
39;25;44.03
39;32;56.32
39;34;74.20
39;38;54.40
39;7;76.29
39;37;6.74
39;41;8.29
39;44;18.81
39;60;81.34
39;62;53.12
39;67;13.69
39;69;84.02
39;70;89.31
39;72;28.07
39;73;51.05
39;77;42.40
39;80;41.71
39;81;51.41
39;85;18.58
39;94;35.20
39;95;4.92
39;96;21.00
39;97;74.42
39;98;15.49
39;47;89.98
39;48;45.34
39;49;25.94
39;54;79.86
39;59;30.58
39;61;73.85
39;71;27.48
39;78;88.45
39;88;28.51
39;89;49.82
39;99;67.27
40;3;65.93
40;4;5.58
40;5;73.06
40;7;85.38
40;12;52.43
40;16;85.44
40;22;81.81
40;24;49.81
40;35;81.57
40;36;23.03
40;1;84.25
40;6;65.42
40;9;3.73
40;11;24.65
40;18;88.06
40;21;65.57
40;25;89.87
40;29;50.42
40;31;14.12
40;38;34.09
40;41;85.63
40;42;37.47
40;43;1.91
40;49;11.47
40;55;81.34
40;60;45.69
40;62;10.07
40;63;32.45
40;65;77.29
40;66;9.44
40;76;37.31
40;77;22.61
40;78;10.74
40;79;13.71
40;83;11.43
40;84;89.40
40;87;60.54
40;90;3.32
40;92;23.02
40;47;69.62
40;52;65.21
40;74;1.68
40;93;58.90
40;97;34.96
41;4;1.34
41;6;2.14
41;15;69.27
41;17;47.18
41;23;15.53
41;30;83.18
41;31;17.64
41;39;8.29
41;40;85.63
41;0;87.84
41;1;89.13
41;5;7.45
41;8;3.69
41;19;83.61
41;20;34.63
41;22;75.54
41;24;53.83
41;25;83.95
41;26;67.51
41;33;65.23
41;45;27.49
41;48;62.00
41;51;2.59
41;55;54.11
41;57;77.00
41;60;62.98
41;66;58.01
41;67;2.59
41;73;24.56
41;74;19.48
41;75;89.42
41;83;70.91
41;84;72.83
41;92;48.28
41;93;28.03
41;97;79.90
41;44;7.79
41;47;49.17
41;56;13.73
41;58;26.95
41;61;38.05
41;63;39.66
41;68;66.77
41;81;59.86
41;89;33.77
41;90;70.33
41;91;13.45
41;94;81.25
41;96;76.30
41;98;65.68
41;99;53.20
42;1;76.22
42;5;85.87
42;15;77.25
42;16;55.48
42;17;10.51
42;18;10.03
42;21;55.95
42;23;1.43
42;26;9.92
42;31;7.84
42;36;8.85
42;37;83.11
42;40;37.47
42;12;51.99
42;19;21.00
42;20;21.32
42;22;84.83
42;33;6.40
42;51;38.29
42;57;21.82
42;61;65.25
42;62;40.64
42;63;48.19
42;65;33.53
42;72;4.39
42;75;75.86
42;87;11.01
42;88;36.03
42;89;89.64
42;91;62.25
42;94;23.06
42;97;80.13
42;98;69.58
42;43;15.80
42;47;28.61
42;49;11.25
42;53;26.41
42;56;73.30
42;71;60.65
42;74;29.36
42;78;72.80
42;81;28.26
42;82;85.99
42;86;5.32
42;93;45.62
42;96;64.79
43;0;83.91
43;15;33.98
43;19;4.39
43;26;62.91
43;30;56.78
43;32;46.59
43;37;37.64
43;40;1.91
43;2;35.26
43;7;22.46
43;14;12.24
43;20;84.07
43;27;15.23
43;28;78.25
43;31;31.32
43;34;66.98
43;42;15.80
43;44;53.18
43;48;87.42
43;49;36.97
43;52;40.67
43;56;13.85
43;60;34.86
43;62;85.50
43;63;32.83
43;65;86.09
43;67;56.77
43;75;42.57
43;81;55.53
43;84;17.89
43;88;87.63
43;91;73.64
43;95;49.00
43;99;59.35
43;46;88.67
43;47;57.71
43;53;43.07
43;55;41.48
43;58;36.26
43;69;48.81
43;71;77.76
43;78;54.27
43;82;50.97
43;89;80.63
44;1;71.60
44;2;36.29
44;3;1.79
44;4;38.30
44;11;20.41
44;14;4.89
44;19;43.92
44;24;65.76
44;25;31.36
44;35;83.66
44;38;8.85
44;39;18.81
44;43;53.18
44;0;49.34
44;7;22.52
44;9;2.24
44;10;12.60
44;13;17.65
44;18;89.52
44;31;79.62
44;32;19.05
44;33;36.25
44;34;28.14
44;37;46.16
44;41;7.79
44;46;11.09
44;47;65.92
44;48;1.69
44;49;78.10
44;51;50.42
44;57;11.03
44;59;28.60
44;63;55.40
44;68;60.20
44;70;13.66
44;73;45.86
44;77;64.16
44;80;15.15
44;87;63.48
44;93;46.29
44;95;22.82
44;96;77.29
44;53;78.02
44;58;53.26
44;64;4.90
44;65;26.84
44;67;51.79
44;69;62.61
44;72;11.92
44;74;77.06
44;75;11.34
44;81;60.57
44;83;43.86
44;85;85.96
44;89;49.03
44;90;60.13
45;7;21.35
45;10;15.12
45;11;67.36
45;23;24.33
45;26;36.81
45;28;46.12
45;29;64.47
45;30;16.19
45;33;61.28
45;35;80.52
45;36;52.25
45;41;27.49
45;0;64.59
45;4;80.44
45;8;62.36
45;13;25.39
45;14;13.37
45;27;47.80
45;32;31.90
45;52;89.48
45;53;87.97
45;54;19.55
45;55;69.38
45;58;28.04
45;59;12.55
45;60;21.93
45;66;79.40
45;68;28.34
45;73;13.80
45;77;59.62
45;78;1.74
45;79;3.08
45;81;54.20
45;82;61.14
45;85;66.22
45;87;35.68
45;91;13.85
45;96;54.45
45;97;35.08
45;46;71.87
45;47;22.54
45;49;57.86
45;62;47.06
45;63;88.43
45;65;8.33
45;67;1.95
45;72;62.73
45;74;23.11
45;75;26.44
45;76;39.78
45;86;12.83
45;88;73.33
45;90;53.46
45;92;45.59
45;93;74.05
45;95;48.44
46;1;77.19
46;5;53.93
46;8;57.40
46;10;58.07
46;13;37.88
46;19;58.67
46;20;57.65
46;21;31.45
46;25;5.82
46;26;8.96
46;28;28.01
46;30;18.20
46;31;86.12
46;33;35.30
46;34;19.36
46;44;11.09
46;0;8.60
46;3;6.71
46;6;9.96
46;12;58.89
46;16;68.58
46;18;25.86
46;23;4.00
46;24;59.02
46;32;33.78
46;43;88.67
46;45;71.87
46;47;18.32
46;49;87.52
46;52;70.37
46;57;14.58
46;58;59.56
46;62;61.61
46;66;66.85
46;67;61.96
46;70;19.95
46;71;21.01
46;73;19.22
46;74;49.87
46;77;17.82
46;78;31.58
46;83;84.81
46;84;53.49
46;89;68.72
46;94;46.66
46;97;25.65
46;98;16.37
46;99;54.79
46;51;88.09
46;59;15.87
46;61;12.82
46;64;15.31
46;69;18.15
46;85;82.99
46;86;42.93
46;92;11.65
47;6;8.66
47;14;86.06
47;16;57.26
47;19;41.90
47;20;3.57
47;21;42.07
47;29;77.75
47;30;47.19
47;32;21.33
47;33;18.29
47;34;14.25
47;44;65.92
47;46;18.32
47;4;65.34
47;8;23.66
47;10;53.71
47;11;78.57
47;15;79.91
47;24;36.75
47;39;89.98
47;40;69.62
47;41;49.17
47;42;28.61
47;43;57.71
47;45;22.54
47;48;33.74
47;51;55.86
47;52;31.62
47;55;38.24
47;58;59.19
47;59;63.70
47;63;7.46
47;65;47.81
47;69;24.70
47;75;4.89
47;80;55.02
47;82;3.66
47;64;67.54
47;66;54.77
47;67;12.49
47;71;52.46
47;73;38.54
47;85;36.24
47;91;22.96
47;92;4.43
47;96;3.28
48;1;79.38
48;2;84.17
48;3;78.65
48;27;35.83
48;28;51.62
48;30;34.01
48;37;14.98
48;41;62.00
48;43;87.42
48;44;1.69
48;47;33.74
48;5;20.53
48;6;11.69
48;7;8.67
48;8;42.59
48;9;29.70
48;10;5.83
48;13;60.10
48;14;8.81
48;15;16.40
48;18;76.35
48;19;81.17
48;29;60.76
48;33;57.25
48;34;64.65
48;38;55.90
48;39;45.34
48;49;67.36
48;50;49.15
48;52;31.07
48;53;40.04
48;56;81.80
48;62;6.69
48;64;73.32
48;65;38.06
48;67;13.76
48;68;68.09
48;74;6.99
48;77;22.20
48;78;73.16
48;88;57.13
48;93;24.84
48;95;20.64
48;96;66.14
48;99;7.29
48;51;47.60
48;57;11.75
48;71;7.10
48;75;37.97
48;80;46.15
48;81;50.26
48;86;20.60
49;6;89.86
49;13;55.74
49;18;11.37
49;21;9.85
49;22;8.11
49;25;28.06
49;34;36.95
49;35;87.41
49;37;16.21
49;40;11.47
49;43;36.97
49;44;78.10
49;46;87.52
49;48;67.36
49;1;69.22
49;2;1.35
49;5;18.47
49;8;21.69
49;19;27.43
49;30;10.29
49;31;18.65
49;33;46.62
49;39;25.94
49;42;11.25
49;45;57.86
49;55;60.49
49;56;67.68
49;59;61.77
49;62;72.00
49;65;5.70
49;66;9.93
49;67;55.46
49;70;50.50
49;72;68.89
49;74;64.04
49;78;9.17
49;80;26.32
49;86;29.96
49;63;43.21
49;68;36.35
49;71;4.14
49;73;55.33
49;76;33.43
49;77;43.36
49;81;68.36
49;87;60.85
49;88;13.59
49;89;69.60
49;91;31.18
49;93;26.98
49;95;5.35
50;1;30.77
50;2;89.08
50;3;45.92
50;8;76.47
50;15;64.19
50;16;55.99
50;25;8.12
50;26;5.18
50;27;55.98
50;29;48.33
50;34;85.25
50;35;52.40
50;48;49.15
50;5;27.27
50;11;13.12
50;12;73.57
50;19;5.21
50;20;60.93
50;21;70.94
50;23;63.54
50;24;49.71
50;28;47.57
50;31;33.40
50;33;84.61
50;37;11.66
50;38;8.96
50;51;39.17
50;56;29.75
50;61;27.16
50;62;66.23
50;66;87.59
50;70;4.46
50;71;42.38
50;76;20.33
50;77;79.87
50;80;66.55
50;84;15.63
50;88;6.66
50;89;88.42
50;92;32.10
50;94;48.27
50;95;84.67
50;97;78.94
50;52;80.83
50;63;47.69
50;64;63.30
50;69;31.77
50;74;15.86
50;75;81.66
50;79;65.81
50;81;80.82
50;82;23.06
50;96;60.34
51;3;27.01
51;10;30.08
51;16;35.94
51;17;55.90
51;20;25.55
51;22;36.78
51;26;87.92
51;36;64.42
51;38;30.49
51;41;2.59
51;42;38.29
51;44;50.42
51;47;55.86
51;50;39.17
51;6;86.98
51;7;10.60
51;9;7.71
51;13;67.06
51;14;11.83
51;18;49.64
51;21;80.32
51;29;17.66
51;31;70.69
51;32;11.79
51;33;38.06
51;46;88.09
51;48;47.60
51;58;68.01
51;60;32.84
51;61;61.46
51;71;30.97
51;76;48.83
51;77;83.97
51;80;43.81
51;88;8.00
51;93;78.43
51;98;64.92
51;99;8.09
51;53;41.20
51;56;5.66
51;62;31.73
51;69;19.49
51;79;24.62
51;87;58.61
51;92;5.06
52;8;81.66
52;9;83.82
52;11;41.89
52;15;71.46
52;18;15.54
52;19;78.98
52;20;19.62
52;21;54.10
52;29;28.50
52;31;3.09
52;32;37.56
52;38;84.26
52;43;40.67
52;45;89.48
52;46;70.37
52;47;31.62
52;48;31.07
52;4;26.68
52;6;40.23
52;7;40.65
52;10;70.96
52;12;13.20
52;14;26.01
52;16;47.14
52;23;43.64
52;24;25.71
52;33;50.97
52;35;73.74
52;36;60.92
52;37;21.53
52;40;65.21
52;50;80.83
52;56;16.35
52;63;89.51
52;68;54.05
52;72;15.98
52;78;46.12
52;79;73.34
52;80;84.33
52;85;79.17
52;94;81.49
52;95;38.69
52;96;24.47
52;97;48.59
52;98;46.47
52;60;46.50
52;69;69.16
52;74;4.46
52;82;10.48
52;83;74.34
52;86;12.29
52;88;24.04
52;92;39.94
53;4;69.47
53;8;13.21
53;13;82.53
53;19;7.18
53;20;27.42
53;21;6.88
53;24;22.77
53;26;31.26
53;27;44.45
53;37;24.32
53;45;87.97
53;48;40.04
53;1;14.72
53;9;14.91
53;14;63.73
53;17;21.82
53;18;24.53
53;28;4.56
53;29;72.14
53;32;3.87
53;34;15.85
53;38;36.12
53;42;26.41
53;43;43.07
53;44;78.02
53;51;41.20
53;56;54.69
53;58;77.00
53;60;44.90
53;62;88.46
53;66;29.72
53;74;55.05
53;77;73.86
53;79;66.05
53;84;43.28
53;86;83.78
53;91;8.28
53;97;12.50
53;64;40.66
53;65;33.73
53;71;22.59
53;75;20.50
53;80;32.55
53;81;31.58
53;82;67.93
54;0;2.29
54;8;76.97
54;10;16.87
54;11;61.84
54;12;35.70
54;13;54.51
54;17;79.93
54;19;17.83
54;20;59.31
54;21;68.64
54;24;35.54
54;25;65.99
54;26;88.62
54;27;59.79
54;30;86.19
54;32;29.35
54;37;23.22
54;38;81.10
54;45;19.55
54;5;81.68
54;39;79.86
54;55;11.77
54;57;10.97
54;60;29.13
54;61;59.57
54;62;41.04
54;67;75.38
54;69;61.21
54;70;16.35
54;71;85.47
54;75;19.24
54;77;51.95
54;78;45.72
54;79;55.66
54;90;27.10
54;91;31.07
54;95;77.07
54;96;76.24
54;99;81.93
54;56;45.09
54;64;58.99
54;65;64.86
54;68;45.92
54;72;33.01
54;73;15.66
54;74;25.84
54;83;24.13
54;85;11.26
54;87;87.33
54;89;82.08
54;94;5.22
54;97;78.20
55;4;40.14
55;9;86.12
55;10;60.68
55;14;5.39
55;16;19.73
55;17;56.30
55;20;29.43
55;21;78.79
55;29;57.04
55;34;19.25
55;40;81.34
55;41;54.11
55;45;69.38
55;47;38.24
55;49;60.49
55;54;11.77
55;0;7.62
55;5;41.21
55;8;79.51
55;11;2.36
55;12;38.47
55;22;30.93
55;24;76.39
55;35;84.13
55;37;73.75
55;43;41.48
55;58;76.68
55;59;15.25
55;61;53.58
55;62;52.02
55;63;4.30
55;66;13.34
55;69;26.36
55;79;85.40
55;82;86.99
55;83;48.61
55;85;74.53
55;87;37.67
55;89;5.55
55;91;46.81
55;93;1.96
55;94;80.20
55;68;29.64
55;72;28.58
55;90;72.69
55;92;73.75
56;1;64.61
56;2;50.08
56;8;79.30
56;9;73.81
56;11;80.08
56;13;4.94
56;14;71.54
56;23;60.37
56;24;87.27
56;26;87.06
56;29;54.19
56;30;88.05
56;32;53.15
56;36;62.06
56;43;13.85
56;48;81.80
56;49;67.68
56;50;29.75
56;52;16.35
56;53;54.69
56;3;86.01
56;18;5.25
56;20;58.55
56;21;67.95
56;28;82.01
56;33;64.42
56;37;64.93
56;41;13.73
56;42;73.30
56;51;5.66
56;54;45.09
56;57;15.93
56;60;8.98
56;61;6.82
56;62;1.99
56;65;75.33
56;66;71.03
56;68;8.45
56;72;15.04
56;75;69.98
56;76;82.38
56;79;44.80
56;81;50.79
56;82;38.23
56;83;5.15
56;86;80.95
56;88;38.25
56;91;41.89
56;96;51.21
56;98;5.48
56;99;36.18
56;63;25.43
56;64;42.42
56;67;22.66
56;74;34.89
56;90;60.32
56;94;48.29
56;95;14.33
57;3;49.96
57;11;19.54
57;13;49.96
57;16;16.13
57;19;36.04
57;20;35.49
57;21;43.07
57;27;18.86
57;31;7.93
57;32;80.82
57;38;72.06
57;41;77.00
57;42;21.82
57;44;11.03
57;46;14.58
57;54;10.97
57;56;15.93
57;7;33.31
57;8;10.36
57;10;30.41
57;15;9.56
57;36;65.05
57;48;11.75
57;61;40.00
57;63;66.55
57;64;81.04
57;71;22.76
57;74;57.94
57;75;28.69
57;76;14.13
57;80;47.68
57;82;9.52
57;85;3.09
57;88;29.62
57;93;25.31
57;99;73.35
57;62;75.70
57;68;85.13
57;79;19.84
57;84;14.25
57;91;49.75
57;92;85.43
57;98;44.95
58;5;17.33
58;13;4.20
58;15;76.54
58;23;53.62
58;34;39.91
58;35;15.99
58;36;81.42
58;37;47.36
58;38;44.93
58;45;28.04
58;46;59.56
58;47;59.19
58;51;68.01
58;53;77.00
58;55;76.68
58;3;10.03
58;4;87.76
58;7;68.57
58;8;64.53
58;9;24.45
58;11;20.18
58;12;74.02
58;21;61.89
58;22;20.21
58;24;17.86
58;30;16.77
58;41;26.95
58;43;36.26
58;44;53.26
58;62;48.45
58;69;45.31
58;70;56.16
58;74;59.06
58;82;73.63
58;83;58.59
58;89;13.45
58;93;70.87
58;95;7.81
58;59;73.40
58;60;89.96
58;61;88.23
58;72;87.20
58;91;78.83
58;94;54.85
58;98;20.99
58;99;65.22
59;1;26.94
59;3;86.06
59;8;34.27
59;9;60.21
59;10;85.48
59;13;68.75
59;15;66.70
59;16;12.57
59;22;71.74
59;24;73.80
59;28;25.29
59;30;15.42
59;33;71.40
59;44;28.60
59;45;12.55
59;47;63.70
59;49;61.77
59;55;15.25
59;4;41.36
59;11;17.61
59;19;61.66
59;21;79.90
59;25;58.99
59;26;30.76
59;34;88.28
59;36;28.03
59;38;71.55
59;39;30.58
59;46;15.87
59;58;73.40
59;61;48.79
59;65;62.24
59;67;73.42
59;68;65.11
59;69;20.83
59;71;63.88
59;76;52.81
59;79;17.68
59;81;50.41
59;85;26.38
59;88;11.82
59;93;77.92
59;96;82.26
59;97;80.23
59;66;46.26
59;70;67.61
59;80;47.81
59;82;31.99
59;86;87.60
59;87;79.10
59;91;56.70
59;95;48.20
60;3;78.53
60;6;87.21
60;8;25.54
60;12;37.29
60;14;41.25
60;16;85.11
60;17;71.37
60;22;15.22
60;28;17.09
60;34;64.14
60;35;13.72
60;39;81.34
60;40;45.69
60;41;62.98
60;43;34.86
60;45;21.93
60;51;32.84
60;53;44.90
60;54;29.13
60;56;8.98
60;0;13.18
60;1;86.53
60;2;3.17
60;5;19.20
60;7;89.25
60;10;35.84
60;13;18.92
60;19;73.65
60;23;47.98
60;36;30.93
60;38;79.64
60;52;46.50
60;58;89.96
60;71;33.52
60;72;78.84
60;74;22.23
60;77;45.88
60;80;22.59
60;87;42.81
60;88;28.15
60;89;65.41
60;90;79.76
60;97;44.82
60;99;85.91
60;63;34.24
60;65;53.11
60;67;80.70
60;70;82.10
60;73;73.84
60;78;10.01
60;79;20.27
60;82;21.52
60;98;19.83
61;1;84.46
61;2;25.14
61;9;65.62
61;17;27.32
61;18;35.99
61;19;68.71
61;25;82.85
61;27;31.40
61;31;63.54
61;34;8.29
61;35;39.20
61;36;9.34
61;37;64.30
61;42;65.25
61;50;27.16
61;51;61.46
61;54;59.57
61;55;53.58
61;56;6.82
61;57;40.00
61;59;48.79
61;6;52.86
61;8;12.75
61;12;63.49
61;13;79.10
61;14;19.66
61;15;44.45
61;20;13.68
61;23;28.42
61;26;34.03
61;32;79.32
61;39;73.85
61;41;38.05
61;46;12.82
61;58;88.23
61;71;23.19
61;73;45.84
61;75;68.28
61;76;64.39
61;80;22.90
61;81;14.26
61;83;88.69
61;84;39.70
61;86;48.83
61;90;23.12
61;99;27.14
61;62;19.28
61;64;49.81
61;70;9.28
61;74;72.11
61;82;39.76
61;89;89.44
62;0;27.47
62;5;85.63
62;6;82.30
62;8;8.76
62;9;13.41
62;10;70.57
62;13;31.95
62;16;41.87
62;17;58.86
62;18;51.28
62;20;19.74
62;24;52.64
62;25;87.26
62;33;46.90
62;36;83.33
62;37;73.76
62;39;53.12
62;40;10.07
62;42;40.64
62;43;85.50
62;46;61.61
62;48;6.69
62;49;72.00
62;50;66.23
62;53;88.46
62;54;41.04
62;55;52.02
62;56;1.99
62;58;48.45
62;2;65.61
62;3;47.04
62;7;58.10
62;12;68.49
62;15;27.35
62;19;28.78
62;23;40.40
62;26;36.15
62;29;82.28
62;30;51.91
62;45;47.06
62;51;31.73
62;57;75.70
62;61;19.28
62;64;12.58
62;69;45.64
62;75;85.00
62;80;12.71
62;83;25.88
62;85;64.70
62;86;31.99
62;95;56.29
62;68;71.70
62;79;21.07
62;81;66.56
62;93;40.70
62;99;85.96
63;0;1.46
63;3;26.14
63;4;23.58
63;5;35.12
63;8;10.17
63;17;16.88
63;19;41.85
63;20;30.27
63;23;85.51
63;30;36.92
63;31;19.25
63;32;7.82
63;40;32.45
63;42;48.19
63;43;32.83
63;44;55.40
63;47;7.46
63;52;89.51
63;55;4.30
63;57;66.55
63;2;79.60
63;6;83.11
63;9;47.17
63;10;79.30
63;11;22.97
63;12;55.76
63;13;17.93
63;14;86.15
63;15;51.35
63;21;71.06
63;34;21.72
63;38;51.52
63;41;39.66
63;45;88.43
63;49;43.21
63;50;47.69
63;56;25.43
63;60;34.24
63;68;4.77
63;70;61.37
63;74;63.66
63;81;68.43
63;82;11.83
63;84;26.37
63;93;84.11
63;94;38.80
63;69;81.26
63;71;85.65
63;72;5.17
63;80;88.57
63;85;7.39
63;87;54.86
63;92;77.63
64;7;23.55
64;10;77.81
64;17;46.78
64;23;36.13
64;28;34.90
64;29;20.68
64;31;17.95
64;34;22.98
64;48;73.32
64;57;81.04
64;62;12.58
64;3;87.67
64;4;19.56
64;5;73.26
64;19;42.95
64;21;36.15
64;24;14.17
64;25;7.75
64;26;77.12
64;30;81.05
64;33;70.16
64;37;45.40
64;44;4.90
64;46;15.31
64;47;67.54
64;50;63.30
64;53;40.66
64;54;58.99
64;56;42.42
64;61;49.81
64;68;37.27
64;71;49.30
64;75;71.66
64;76;63.34
64;80;70.77
64;82;18.97
64;86;61.78
64;88;46.69
64;91;70.97
64;92;59.93
64;93;10.65
64;97;44.38
64;98;24.30
64;65;79.61
64;70;13.72
64;83;18.41
64;89;11.25
64;94;22.47
64;99;22.94
65;4;51.23
65;9;6.10
65;10;16.45
65;14;38.65
65;19;18.67
65;26;3.99
65;29;72.53
65;30;85.45
65;32;25.28
65;40;77.29
65;42;33.53
65;43;86.09
65;47;47.81
65;48;38.06
65;49;5.70
65;56;75.33
65;59;62.24
65;2;75.53
65;5;70.12
65;8;9.13
65;11;69.64
65;16;9.62
65;18;49.17
65;23;54.80
65;36;14.69
65;44;26.84
65;45;8.33
65;53;33.73
65;54;64.86
65;60;53.11
65;64;79.61
65;66;80.78
65;71;70.28
65;79;31.56
65;85;87.34
65;91;65.44
65;96;43.15
65;97;59.04
65;88;31.90
65;94;15.27
65;98;15.08
66;0;70.21
66;1;28.94
66;4;78.58
66;7;43.70
66;9;44.87
66;12;15.92
66;13;85.60
66;18;31.23
66;26;74.16
66;28;83.36
66;30;26.24
66;33;83.69
66;36;36.97
66;38;45.05
66;40;9.44
66;41;58.01
66;45;79.40
66;46;66.85
66;49;9.93
66;50;87.59
66;53;29.72
66;55;13.34
66;56;71.03
66;65;80.78
66;3;85.58
66;8;6.76
66;16;14.90
66;17;75.95
66;21;66.90
66;24;26.46
66;31;76.51
66;32;70.56
66;47;54.77
66;59;46.26
66;70;69.30
66;72;51.33
66;75;32.71
66;77;46.96
66;82;4.24
66;83;22.93
66;88;53.04
66;90;55.10
66;94;2.67
66;96;61.02
66;68;32.02
66;69;73.84
66;76;19.78
66;81;56.13
66;84;40.48
66;91;51.98
66;92;32.70
66;93;87.39
66;99;52.70
67;3;42.32
67;6;63.33
67;10;29.70
67;14;47.64
67;18;67.05
67;20;58.84
67;22;8.95
67;25;33.92
67;28;28.18
67;39;13.69
67;41;2.59
67;43;56.77
67;46;61.96
67;48;13.76
67;49;55.46
67;54;75.38
67;59;73.42
67;4;85.74
67;12;11.03
67;13;18.74
67;21;50.30
67;30;89.28
67;34;39.95
67;36;45.24
67;44;51.79
67;45;1.95
67;47;12.49
67;56;22.66
67;60;80.70
67;73;77.56
67;75;54.85
67;76;24.62
67;80;1.76
67;83;1.26
67;85;70.24
67;88;30.55
67;94;85.04
67;99;23.62
67;68;88.31
67;72;62.88
67;89;47.92
67;90;67.69
67;93;78.62
67;96;9.18
67;97;39.07
68;0;63.99
68;1;45.83
68;4;42.12
68;7;41.58
68;8;24.23
68;10;30.43
68;14;16.62
68;16;16.25
68;23;19.02
68;25;28.09
68;38;6.79
68;44;60.20
68;45;28.34
68;48;68.09
68;52;54.05
68;56;8.45
68;59;65.11
68;63;4.77
