source;target;label
0;100;44.69
0;158;9.46
0;170;3.03
0;330;63.15
0;498;37.89
1;59;76.64
1;164;72.04
1;297;19.61
1;298;79.97
1;361;18.34
1;134;73.35
1;163;28.60
1;177;47.29
1;276;82.90
1;348;6.91
1;373;49.50
2;368;5.56
2;390;29.54
2;474;3.54
2;89;34.58
2;181;79.62
2;254;38.30
2;339;50.88
2;395;41.72
2;469;26.03
3;58;83.44
3;65;3.29
3;116;88.85
3;165;82.90
3;252;68.42
3;300;55.57
3;443;16.13
3;30;30.82
3;89;69.36
3;280;24.75
4;68;64.71
4;386;86.44
4;28;66.46
4;418;70.67
5;64;33.73
5;212;78.86
5;317;46.86
5;71;50.90
5;120;42.93
5;373;7.61
5;381;66.03
5;410;21.21
6;231;60.43
6;446;6.72
6;175;28.98
6;301;76.14
7;26;81.38
7;74;77.20
7;297;64.86
7;333;63.18
7;410;7.16
7;436;87.81
7;466;56.48
7;483;66.03
7;61;69.44
7;354;84.03
8;371;50.69
8;494;46.49
8;291;79.97
8;385;64.74
9;56;79.55
9;61;27.00
9;84;78.94
9;102;23.13
9;138;23.93
9;181;7.48
9;269;83.33
9;272;40.14
9;390;75.65
9;152;72.64
9;378;43.82
9;398;36.75
9;409;11.89
10;21;75.26
10;168;79.95
10;180;58.30
10;287;53.30
10;307;38.92
10;316;26.28
10;97;51.93
10;239;2.50
10;326;67.80
10;441;26.70
11;79;38.56
11;99;59.10
11;153;3.30
11;217;34.71
11;253;74.37
11;254;14.92
11;269;54.52
11;447;33.48
11;457;52.29
12;17;60.33
12;147;58.64
12;171;72.77
12;110;73.84
12;388;12.57
13;347;69.69
13;362;66.22
13;98;67.80
13;186;42.80
13;229;29.39
13;306;52.58
13;329;20.54
13;404;9.25
13;493;31.01
14;191;73.17
14;220;89.74
14;223;62.85
14;225;17.56
14;283;28.63
14;433;30.88
14;87;29.56
14;91;50.12
14;92;23.32
15;54;39.57
15;278;14.65
15;479;18.21
15;497;74.04
15;56;69.72
15;76;51.75
15;321;8.93
16;98;79.56
16;211;81.28
16;460;53.27
16;30;70.66
16;77;33.27
16;300;13.11
16;386;83.60
16;471;57.00
17;12;60.33
17;164;83.89
17;246;71.54
17;390;55.10
17;54;30.68
17;316;30.31
17;450;7.94
18;84;10.15
18;112;58.37
18;144;45.85
18;194;39.75
18;280;79.63
18;446;29.13
18;282;53.06
18;491;19.13
19;136;31.25
19;170;43.60
19;330;54.89
19;335;65.81
19;119;80.58
19;179;35.09
19;275;71.39
19;325;58.22
20;209;37.24
20;215;6.87
20;344;17.46
20;345;81.60
20;349;74.01
20;244;78.28
20;460;33.04
20;477;28.48
20;482;31.32
20;485;80.40
21;10;75.26
21;205;86.98
21;233;55.33
21;411;34.90
21;451;38.35
21;95;82.44
21;168;13.02
21;201;80.34
22;256;4.64
22;314;6.91
22;316;61.47
23;116;62.20
23;405;66.31
23;93;35.06
23;134;74.34
23;371;78.11
24;428;38.82
24;38;59.75
24;43;27.75
24;94;39.43
24;103;56.29
24;132;9.86
24;265;80.38
24;309;72.48
24;380;49.96
24;458;17.50
24;466;41.51
25;86;87.34
25;84;78.28
25;332;50.92
25;381;5.13
25;404;60.70
26;7;81.38
26;74;37.37
26;281;77.00
26;318;72.35
26;449;12.24
26;493;56.51
26;43;62.49
26;162;17.08
26;330;48.91
26;455;32.22
26;462;42.28
27;72;37.93
27;202;69.88
27;215;25.88
27;368;68.83
27;163;47.41
27;235;36.74
28;4;66.46
28;50;3.73
28;106;69.59
28;133;4.33
28;191;47.07
28;224;7.22
28;256;31.62
28;267;64.42
28;410;55.30
28;474;70.11
28;121;82.94
28;143;68.25
28;194;4.47
28;388;77.57
29;382;81.96
29;452;78.69
29;498;53.20
29;143;88.20
29;192;63.34
29;292;24.14
29;309;83.21
30;3;30.82
30;16;70.66
30;38;76.68
30;87;88.07
30;109;82.11
30;122;70.20
30;192;32.52
30;392;54.88
30;35;9.79
30;40;4.18
30;86;15.39
30;99;83.31
30;172;57.51
30;210;3.71
30;302;15.12
30;311;88.53
30;348;53.25
30;491;68.22
31;101;48.61
31;156;75.04
31;273;39.75
31;285;75.30
31;54;66.54
31;79;68.20
31;83;25.87
31;119;58.62
31;124;55.11
31;203;2.58
31;493;53.42
32;95;11.83
32;213;86.64
32;358;42.45
32;115;15.94
32;261;34.58
33;129;45.20
33;219;11.13
33;303;41.42
33;308;50.91
33;369;41.16
33;38;60.96
33;43;2.25
33;71;84.46
33;328;59.17
34;103;74.50
34;207;10.29
34;250;49.83
34;412;56.42
34;455;83.50
34;64;43.48
34;71;46.15
34;239;21.06
35;30;9.79
35;59;68.05
35;144;16.83
35;150;30.16
35;282;87.14
35;386;75.23
35;95;85.28
35;117;45.79
35;216;34.91
35;426;81.04
35;460;88.49
35;478;83.54
36;256;11.76
36;320;88.37
36;449;22.38
36;478;58.63
36;376;30.86
36;377;67.50
36;468;13.62
37;84;78.55
37;91;52.44
37;296;63.58
37;348;52.27
37;83;10.88
37;268;4.55
37;302;4.09
37;397;28.38
37;481;75.60
38;30;76.68
38;24;59.75
38;33;60.96
38;49;15.63
38;144;85.81
38;216;44.03
38;226;5.71
38;272;68.81
38;147;54.78
38;243;67.19
38;394;65.14
39;233;54.00
39;364;71.20
39;370;50.59
39;484;11.84
39;486;3.47
39;56;86.13
39;173;71.67
39;195;69.80
39;485;66.09
40;30;4.18
40;101;20.41
40;62;20.37
40;112;66.33
40;185;58.85
40;192;35.59
40;193;48.72
40;255;71.09
40;301;33.97
40;336;37.48
40;462;80.02
41;85;18.58
41;124;73.31
41;302;76.22
41;90;14.13
41;441;44.88
41;442;61.65
41;479;48.01
41;495;22.97
42;139;89.56
42;225;39.77
42;75;77.47
42;85;69.72
42;187;55.86
42;199;56.25
42;264;62.38
42;271;42.72
42;296;71.79
42;471;27.30
43;24;27.75
43;26;62.49
43;33;2.25
43;49;20.11
43;64;83.13
43;104;27.38
43;164;84.00
43;216;72.15
43;302;55.19
43;373;1.66
43;374;55.91
43;156;19.48
43;172;63.64
43;252;71.79
43;345;52.63
43;367;25.05
43;470;49.60
44;91;85.11
44;222;11.40
44;243;57.58
44;294;35.57
44;352;62.91
44;475;63.73
44;113;79.04
44;204;13.68
44;302;82.67
45;83;64.84
45;286;80.57
45;440;13.24
45;462;3.30
45;69;42.10
45;194;23.36
45;317;48.20
45;387;73.37
45;405;36.78
45;438;72.91
46;88;80.59
46;408;1.51
46;453;30.32
46;458;69.68
46;49;61.96
46;218;89.24
46;291;84.69
46;325;8.11
46;431;66.82
46;474;32.43
47;77;66.81
47;405;76.65
48;136;62.98
48;152;50.09
48;379;40.94
48;442;43.70
48;492;22.68
48;196;31.48
48;219;12.23
48;307;78.49
48;339;36.40
48;415;27.02
49;38;15.63
49;43;20.11
49;46;61.96
49;309;2.37
49;369;15.15
49;194;54.28
49;410;6.12
49;489;67.18
50;28;3.73
50;55;26.41
50;86;24.23
50;131;83.85
50;370;77.29
50;418;64.61
50;484;51.63
50;391;48.18
50;394;76.21
50;453;56.04
51;112;65.21
51;188;36.21
51;222;66.46
51;302;79.82
51;354;49.14
51;388;63.69
51;414;7.75
51;420;35.16
51;463;31.21
51;135;24.17
51;139;54.40
51;190;1.59
51;307;19.83
52;125;38.40
52;208;16.64
52;248;16.30
52;70;41.94
52;119;57.68
52;215;62.02
52;253;54.50
52;446;63.16
52;474;77.15
53;80;31.07
53;126;37.20
53;263;26.06
53;289;9.06
53;310;48.54
53;328;67.05
53;373;10.38
53;489;11.70
53;91;74.27
53;95;48.00
53;338;44.83
53;348;36.33
53;360;60.01
54;15;39.57
54;17;30.68
54;31;66.54
54;138;6.11
54;207;75.13
54;279;84.75
54;303;61.33
54;354;54.73
54;389;79.87
54;447;19.19
54;196;77.08
54;280;46.47
54;407;15.58
55;50;26.41
55;153;57.24
55;290;58.81
55;293;56.54
55;429;55.76
55;87;82.96
55;410;26.74
55;431;31.08
55;464;82.22
55;480;71.19
56;9;79.55
56;15;69.72
56;39;86.13
56;158;59.14
56;222;88.66
56;289;89.53
56;335;35.71
56;345;89.12
56;108;68.88
56;202;16.30
56;233;36.61
56;244;34.98
56;281;81.98
56;306;2.15
56;351;16.36
56;493;28.79
57;171;34.62
57;217;40.39
57;139;29.24
57;252;81.94
57;498;73.87
58;3;83.44
58;135;86.76
58;165;45.63
58;329;39.87
58;457;28.92
58;482;61.60
58;155;25.24
58;254;35.46
58;262;80.56
58;284;77.21
58;403;20.97
58;429;10.06
59;1;76.64
59;35;68.05
59;468;52.56
59;116;5.45
59;176;80.00
59;257;16.61
59;370;32.18
60;163;46.91
60;182;27.96
60;271;4.41
60;403;18.69
60;205;37.33
60;499;33.70
61;9;27.00
61;7;69.44
61;94;2.24
61;336;15.33
61;380;48.38
61;136;61.70
61;397;75.30
62;40;20.37
62;238;3.43
62;427;74.22
62;81;73.40
62;151;7.69
62;158;22.71
62;216;42.90
62;444;54.28
62;447;19.15
63;207;34.16
63;289;57.95
63;133;32.59
63;174;89.91
63;433;33.31
63;488;1.03
64;5;33.73
64;43;83.13
64;34;43.48
64;96;58.34
64;192;78.66
64;209;72.28
64;261;81.23
64;310;48.60
64;406;23.84
64;494;23.01
64;85;76.99
64;88;14.19
65;3;3.29
65;80;51.64
65;121;68.46
65;133;13.27
65;390;58.38
65;186;40.31
65;267;61.75
65;296;70.25
66;231;63.18
66;355;74.81
66;412;79.56
67;79;74.59
67;193;85.43
67;479;30.85
67;405;52.54
68;4;64.71
68;83;79.68
68;153;78.15
68;257;54.08
68;293;13.63
68;298;5.53
68;299;88.82
68;349;76.13
68;441;24.95
68;455;6.12
68;178;41.19
68;357;75.10
68;397;15.86
69;45;42.10
69;73;13.39
69;181;36.79
69;397;14.93
69;70;48.94
69;76;31.39
69;128;73.12
69;273;56.23
69;333;38.29
69;358;30.32
70;52;41.94
70;69;48.94
70;186;88.26
70;364;64.91
70;441;14.10
70;375;40.88
70;431;9.29
70;437;43.20
70;442;6.69
70;475;66.28
70;477;76.16
71;5;50.90
71;33;84.46
71;34;46.15
71;227;78.55
71;252;75.63
71;340;73.34
71;367;40.69
71;485;75.01
71;159;61.81
71;203;13.84
71;451;89.56
72;27;37.93
72;325;23.95
72;180;9.74
72;188;76.61
72;273;45.40
72;386;85.87
73;69;13.39
73;162;19.06
73;244;42.54
73;250;57.93
73;358;30.51
73;380;15.20
73;438;29.16
73;440;64.03
73;154;63.41
73;285;60.32
74;7;77.20
74;26;37.37
74;91;73.03
74;195;89.97
74;203;52.61
74;300;2.28
74;308;85.91
74;498;33.46
75;42;77.47
75;162;82.16
75;244;66.21
75;304;47.34
75;487;48.97
75;238;27.68
75;279;39.21
75;447;72.69
75;449;31.19
76;15;51.75
76;69;31.39
76;307;32.23
76;372;3.29
76;126;63.98
76;311;72.50
76;451;3.56
76;457;21.07
77;16;33.27
77;47;66.81
77;302;79.03
77;304;79.13
77;317;41.71
77;371;64.97
77;306;2.57
77;376;28.95
77;407;87.81
77;409;29.64
78;132;5.57
78;292;2.38
78;332;33.04
78;396;87.93
78;412;65.33
79;11;38.56
79;67;74.59
79;31;68.20
79;278;19.29
79;292;5.41
79;329;27.53
79;424;37.95
79;481;38.70
79;482;79.57
79;491;13.46
79;174;35.72
79;215;49.91
79;266;31.12
79;334;43.83
80;53;31.07
80;65;51.64
80;159;37.01
80;287;68.49
80;311;46.95
80;419;70.11
80;237;60.84
80;252;50.56
80;385;12.28
81;62;73.40
81;130;72.88
81;321;39.94
81;120;74.50
81;354;52.07
81;498;88.33
82;106;1.47
82;162;9.63
82;386;72.97
82;395;87.11
82;438;84.26
82;232;12.61
82;352;1.71
82;446;50.18
82;487;22.95
83;45;64.84
83;68;79.68
83;31;25.87
83;37;10.88
83;90;21.43
83;364;26.71
83;301;52.89
83;372;81.14
83;474;56.51
84;9;78.94
84;18;10.15
84;37;78.55
84;25;78.28
84;135;55.18
84;179;83.26
84;216;49.22
84;267;62.13
84;279;65.18
84;138;38.84
84;225;41.34
84;292;64.87
85;41;18.58
85;42;69.72
85;64;76.99
85;96;50.50
85;155;88.29
85;191;85.62
85;253;45.40
85;399;61.57
85;95;83.23
85;287;89.58
85;384;79.61
85;385;49.96
85;499;13.19
86;25;87.34
86;50;24.23
86;30;15.39
86;179;56.39
86;246;19.12
86;316;11.60
86;356;43.18
86;418;81.49
86;107;36.17
86;128;89.11
86;210;28.54
86;382;50.01
86;427;30.68
87;30;88.07
87;14;29.56
87;55;82.96
87;120;63.33
87;226;26.90
87;237;83.13
87;338;4.92
87;236;83.51
87;446;59.64
88;46;80.59
88;64;14.19
88;106;18.66
88;113;11.50
88;396;33.23
88;141;74.23
88;194;58.83
88;252;79.27
88;318;68.80
88;405;21.70
88;411;47.55
88;469;54.12
89;2;34.58
89;3;69.36
89;224;19.24
89;242;87.16
89;290;71.99
89;474;27.81
89;156;81.95
89;217;79.82
89;226;17.92
89;336;52.75
90;83;21.43
90;41;14.13
90;451;5.60
90;217;55.00
90;395;11.77
90;401;6.83
90;411;81.58
90;460;10.79
91;37;52.44
91;44;85.11
91;14;50.12
91;53;74.27
91;74;73.03
91;170;1.84
91;301;15.17
91;464;25.94
91;486;18.61
91;332;17.13
91;371;2.95
91;408;60.98
91;430;58.87
91;495;79.28
92;14;23.32
92;126;61.53
92;147;69.72
92;211;40.64
92;176;32.55
92;279;58.70
92;281;84.10
92;297;4.11
92;303;69.89
92;311;38.21
92;378;7.98
92;452;26.78
92;478;67.20
93;23;35.06
93;215;63.15
93;220;86.44
93;290;36.81
93;392;50.64
93;407;32.00
93;441;14.25
93;199;65.53
93;229;81.67
94;61;2.24
94;24;39.43
94;186;48.24
94;225;16.99
94;273;23.24
94;277;60.18
94;291;66.04
94;103;20.71
94;108;18.80
94;187;50.39
94;464;84.15
95;32;11.83
95;21;82.44
95;35;85.28
95;53;48.00
95;85;83.23
95;105;29.38
95;113;88.70
95;183;83.45
95;271;40.48
95;407;65.30
95;224;54.65
95;446;58.36
95;467;46.91
96;64;58.34
96;85;50.50
96;113;7.90
96;164;37.48
96;337;8.15
96;375;23.76
96;478;25.13
96;168;8.65
96;346;45.80
96;390;87.17
97;10;51.93
97;110;50.23
97;317;46.45
97;483;67.93
98;16;79.56
98;13;67.80
98;106;43.79
98;176;13.45
98;397;21.86
98;167;82.90
98;245;70.76
98;265;79.83
98;386;18.18
98;438;84.44
99;11;59.10
99;30;83.31
99;106;63.71
99;369;69.13
99;488;30.45
99;238;31.77
99;295;21.51
99;341;76.46
99;381;74.88
99;452;25.57
100;0;44.69
100;244;47.84
100;269;15.31
100;308;65.33
100;336;56.14
100;418;59.35
100;449;32.25
100;456;68.59
100;217;58.58
100;341;45.93
100;357;29.64
101;31;48.61
101;40;20.41
101;236;49.36
101;318;79.67
101;455;39.84
101;245;9.27
101;454;10.40
102;9;23.13
102;129;79.01
102;246;68.04
102;407;88.36
102;440;26.97
102;145;53.66
102;219;13.48
102;365;73.54
102;397;50.58
102;422;53.40
102;481;78.52
103;34;74.50
103;24;56.29
103;94;20.71
103;119;28.17
103;127;3.47
103;369;69.67
103;462;64.56
103;264;80.87
103;282;87.94
103;284;44.24
103;334;14.89
104;43;27.38
104;292;34.41
104;320;17.04
104;252;86.28
105;95;29.38
105;122;69.34
105;179;24.15
105;345;87.83
105;398;53.91
105;407;26.66
105;459;51.33
105;116;21.37
105;123;41.01
105;132;24.84
105;156;71.71
105;400;74.54
106;28;69.59
106;82;1.47
106;88;18.66
106;98;43.79
106;99;63.71
106;270;24.22
106;320;83.40
106;151;14.19
106;156;68.61
106;246;72.19
106;491;19.54
107;86;36.17
107;181;72.11
107;490;32.00
107;188;83.98
107;375;81.51
107;380;66.64
107;393;58.68
107;448;64.17
107;481;7.76
108;56;68.88
108;94;18.80
108;344;13.33
108;365;58.15
109;30;82.11
109;208;1.71
109;394;88.66
109;413;37.60
109;448;34.42
109;274;65.34
109;282;16.50
109;346;10.28
109;459;72.26
110;97;50.23
110;12;73.84
110;129;27.33
110;161;30.66
110;338;55.41
110;209;66.17
110;329;35.61
110;477;12.06
111;158;18.17
111;464;88.11
111;296;77.61
111;401;17.30
112;18;58.37
112;51;65.21
112;40;66.33
112;117;16.22
112;163;37.44
112;285;72.59
112;307;10.70
112;416;25.92
112;491;40.83
112;168;27.44
112;201;33.57
112;271;6.84
112;296;22.03
112;305;62.41
112;373;61.08
113;88;11.50
113;95;88.70
113;96;7.90
113;44;79.04
113;226;81.99
113;308;46.81
113;322;64.50
113;300;59.05
113;313;66.33
113;424;6.77
113;484;38.01
114;134;15.39
114;276;61.02
114;366;39.95
114;499;86.74
114;269;9.55
114;298;7.22
115;32;15.94
115;132;50.56
115;290;57.38
115;218;7.29
115;433;81.27
116;3;88.85
116;23;62.20
116;59;5.45
116;105;21.37
116;401;64.10
116;138;81.69
116;164;74.22
116;200;39.19
116;275;34.46
116;296;38.95
116;426;85.10
116;433;12.88
116;441;31.73
116;457;66.69
117;112;16.22
117;35;45.79
117;133;85.71
117;248;23.40
118;184;49.09
118;254;13.23
118;348;51.92
118;259;10.15
118;315;5.79
118;458;60.39
119;103;28.17
119;19;80.58
119;31;58.62
119;52;57.68
119;131;54.25
119;252;13.97
119;352;84.50
119;387;26.34
119;311;52.53
119;386;18.60
120;87;63.33
120;5;42.93
120;81;74.50
120;134;37.54
120;353;44.20
120;376;13.41
120;399;48.24
120;420;24.30
120;135;21.08
120;281;66.29
120;451;56.44
120;479;38.91
120;483;72.52
121;65;68.46
121;28;82.94
121;283;18.20
121;224;17.80
121;344;77.71
122;30;70.20
122;105;69.34
122;347;43.64
122;433;47.38
122;199;66.69
122;346;12.29
122;357;89.90
122;473;89.72
123;105;41.01
123;186;29.44
123;198;25.77
123;199;78.07
123;335;73.19
123;378;27.12
123;400;4.19
123;165;14.54
123;203;12.35
123;209;85.52
123;238;40.96
123;469;79.16
123;489;61.50
124;41;73.31
124;31;55.11
124;217;48.62
124;429;61.09
124;140;46.71
124;235;68.41
124;263;71.32
125;52;38.40
125;126;76.95
125;289;84.36
125;328;63.96
125;487;36.92
126;53;37.20
126;92;61.53
126;125;76.95
126;76;63.98
126;273;43.17
126;281;25.97
126;292;79.64
126;385;80.55
126;388;9.14
126;456;40.90
126;145;28.94
126;199;27.52
126;207;64.01
126;384;65.36
126;447;20.93
127;103;3.47
127;257;63.94
127;283;59.30
127;394;74.12
127;151;85.67
127;352;12.39
128;69;73.12
128;86;89.11
128;487;32.48
128;211;84.92
129;33;45.20
129;102;79.01
129;110;27.33
129;231;65.30
129;217;33.50
129;337;80.50
129;412;76.81
129;416;20.40
130;81;72.88
130;163;56.76
130;226;88.11
130;229;72.15
130;148;76.85
130;156;30.20
130;202;38.96
130;240;13.03
130;444;19.89
131;50;83.85
131;119;54.25
131;178;14.05
131;426;5.92
131;430;71.30
131;347;15.29
131;396;63.82
131;405;46.79
132;78;5.57
132;115;50.56
132;24;9.86
132;105;24.84
132;347;38.65
132;417;62.51
132;423;37.78
132;463;29.51
132;204;82.63
132;430;67.37
133;28;4.33
133;65;13.27
133;117;85.71
133;63;32.59
133;330;78.33
133;499;12.46
134;114;15.39
134;120;37.54
134;1;73.35
134;23;74.34
134;335;7.69
134;388;76.67
134;325;86.03
134;345;6.64
134;434;75.03
134;442;55.00
134;444;18.20
135;58;86.76
135;84;55.18
135;51;24.17
135;120;21.08
135;182;66.71
135;359;3.10
135;379;71.53
135;418;17.72
135;421;42.89
135;171;70.57
135;400;6.29
136;19;31.25
136;48;62.98
136;61;61.70
136;160;4.25
136;417;6.05
136;158;81.57
136;292;1.07
136;322;33.81
136;469;37.01
137;168;14.94
137;443;59.58
137;264;27.12
137;342;24.19
137;353;25.60
138;9;23.93
138;54;6.11
138;84;38.84
138;116;81.69
138;307;34.94
138;481;81.29
138;250;22.92
138;258;59.84
138;290;29.04
138;324;12.41
138;329;39.05
138;395;6.86
138;455;62.86
138;488;64.39
139;42;89.56
139;51;54.40
139;57;29.24
139;151;61.74
139;163;36.74
139;175;50.74
139;282;66.05
139;307;19.00
139;312;61.46
139;388;40.33
139;428;59.49
139;268;51.11
139;298;38.61
139;358;12.10
139;473;18.48
140;124;46.71
140;289;84.79
140;368;37.89
140;252;46.88
140;271;19.61
140;436;19.67
140;492;43.55
141;88;74.23
141;483;29.07
141;211;78.75
141;239;76.09
141;470;9.58
142;164;18.29
142;269;78.56
142;392;72.64
142;428;7.36
142;356;74.56
142;489;70.48
143;28;68.25
143;29;88.20
143;209;73.62
143;327;9.39
143;347;26.42
143;348;5.94
143;403;66.69
143;168;5.55
143;199;87.83
143;371;84.36
144;18;45.85
144;35;16.83
144;38;85.81
144;155;8.38
144;194;12.48
144;256;44.55
144;258;35.76
144;229;4.61
144;283;27.30
145;102;53.66
145;126;28.94
145;177;48.09
145;404;63.79
145;456;71.45
146;171;48.36
146;186;27.37
146;268;62.30
146;372;26.45
146;426;25.29
146;433;51.29
146;452;45.53
146;367;11.27
147;12;58.64
147;92;69.72
147;38;54.78
147;397;78.06
147;174;89.11
147;302;4.41
148;130;76.85
148;231;53.23
148;241;46.60
148;294;6.95
148;309;40.65
148;323;55.44
148;415;6.81
148;402;51.38
148;425;67.47
148;460;51.21
149;153;24.96
149;247;17.51
149;329;76.25
149;416;75.49
149;452;46.53
149;183;57.67
149;372;10.70
149;462;38.48
149;477;82.99
150;35;30.16
150;433;33.52
150;160;50.46
150;281;43.13
150;337;63.06
150;425;57.71
150;441;20.47
150;471;45.35
151;139;61.74
151;62;7.69
151;106;14.19
151;127;85.67
151;277;79.41
151;220;69.73
151;421;54.89
151;432;42.80
151;445;36.08
151;463;80.99
151;471;27.83
152;48;50.09
152;9;72.64
152;238;84.66
152;386;6.18
152;477;64.77
152;157;60.56
152;169;85.76
152;217;43.90
152;263;37.23
152;284;26.50
152;485;32.15
153;11;3.30
153;55;57.24
153;68;78.15
153;149;24.96
153;296;15.15
153;308;2.09
153;382;21.81
153;349;81.92
153;359;76.78
153;473;28.60
154;73;63.41
154;253;53.89
154;335;51.42
154;282;32.64
154;284;42.31
154;439;50.91
154;457;81.07
155;85;88.29
155;144;8.38
155;58;25.24
155;280;4.33
155;185;44.96
156;31;75.04
156;43;19.48
156;89;81.95
156;105;71.71
156;106;68.61
156;130;30.20
156;314;32.96
156;404;84.17
156;203;11.01
156;372;83.11
156;427;71.21
156;474;27.39
156;488;45.22
156;489;71.40
157;152;60.56
157;180;51.05
157;236;63.71
157;427;19.24
157;164;54.40
158;0;9.46
158;56;59.14
158;111;18.17
158;62;22.71
158;136;81.57
158;168;70.17
158;275;73.24
158;434;62.23
158;464;57.84
158;206;71.91
158;326;39.93
159;80;37.01
159;71;61.81
159;165;19.90
159;167;53.36
159;317;48.57
159;334;28.68
159;408;33.34
159;450;23.61
160;136;4.25
160;150;50.46
160;423;57.55
160;437;49.23
160;443;3.24
160;173;69.48
160;338;30.69
160;397;16.30
161;110;30.66
161;179;66.49
161;290;58.06
161;352;74.67
161;385;30.16
161;436;14.12
161;208;50.94
161;245;77.34
162;73;19.06
162;75;82.16
162;82;9.63
162;26;17.08
162;175;62.11
162;206;39.02
162;291;89.69
162;307;71.90
162;315;18.70
162;244;75.08
162;311;17.68
162;352;87.94
163;60;46.91
163;112;37.44
163;130;56.76
163;139;36.74
163;1;28.60
163;27;47.41
163;225;24.72
163;231;33.13
163;426;30.53
163;315;14.88
163;331;78.36
163;349;30.80
163;352;38.21
163;432;1.18
164;1;72.04
164;17;83.89
164;43;84.00
164;96;37.48
164;142;18.29
164;116;74.22
164;157;54.40
164;281;41.09
164;495;1.80
164;339;34.50
164;396;21.01
164;493;65.71
165;3;82.90
165;58;45.63
165;159;19.90
165;123;14.54
165;198;73.60
165;458;86.88
165;221;46.77
165;497;87.45
166;213;58.89
166;293;8.05
166;315;68.60
166;366;65.93
166;389;61.96
166;237;88.25
166;349;11.45
166;487;35.24
166;494;50.49
167;159;53.36
167;98;82.90
167;208;25.46
167;269;34.41
167;319;41.41
167;465;38.02
167;479;31.72
167;170;64.20
167;202;2.16
167;277;23.79
167;323;30.46
167;390;35.01
168;10;79.95
168;137;14.94
168;158;70.17
168;21;13.02
168;96;8.65
168;112;27.44
168;143;5.55
168;236;17.61
168;497;11.62
168;239;62.58
168;340;12.33
168;393;19.74
169;152;85.76
169;452;27.84
169;413;76.03
170;0;3.03
170;19;43.60
170;91;1.84
170;167;64.20
170;176;1.44
170;437;16.68
170;223;37.33
170;427;32.15
171;12;72.77
171;57;34.62
171;146;48.36
171;135;70.57
171;277;22.99
171;291;18.90
171;413;17.16
171;229;62.60
171;319;20.07
171;453;39.53
171;462;31.53
172;30;57.51
172;43;63.64
172;271;59.65
172;311;82.07
172;323;89.51
172;377;28.01
172;390;4.06
172;414;57.61
172;455;63.28
172;217;44.50
172;318;30.98
172;430;23.74
173;39;71.67
173;160;69.48
173;262;12.92
173;298;18.66
173;499;4.23
174;63;89.91
174;79;35.72
174;147;89.11
174;245;24.75
174;313;43.48
174;348;34.01
174;351;76.56
174;391;27.96
174;462;25.80
175;139;50.74
175;162;62.11
175;6;28.98
175;271;33.25
175;355;38.60
175;480;86.80
176;98;13.45
176;170;1.44
176;59;80.00
176;92;32.55
176;383;21.35
176;386;78.04
176;441;86.92
176;181;81.82
176;367;79.06
176;461;35.75
176;484;14.72
177;145;48.09
177;1;47.29
177;228;84.32
177;363;13.89
177;365;28.37
177;389;85.58
177;424;37.42
177;233;39.45
178;131;14.05
178;68;41.19
178;184;29.32
178;199;72.44
178;341;63.70
178;359;9.90
178;366;32.42
178;251;7.63
178;333;52.73
178;392;11.16
178;488;30.12
179;84;83.26
179;86;56.39
179;105;24.15
179;161;66.49
179;19;35.09
179;281;39.76
179;316;24.08
179;363;60.93
179;448;79.43
179;457;35.83
180;10;58.30
180;157;51.05
180;72;9.74
180;286;66.72
180;324;65.59
180;265;21.10
180;326;8.20
181;9;7.48
181;69;36.79
181;107;72.11
181;2;79.62
181;176;81.82
181;226;35.08
181;311;33.81
181;312;42.85
181;320;87.28
181;401;8.40
181;228;25.05
181;270;33.65
181;335;8.78
182;60;27.96
182;135;66.71
182;195;33.27
182;214;37.42
182;234;21.64
182;484;2.85
182;493;58.95
182;218;57.09
182;333;81.94
183;95;83.45
183;149;57.67
183;312;85.16
183;324;51.33
183;385;66.64
183;389;4.81
183;460;56.11
183;274;40.84
183;413;10.64
183;471;53.31
184;118;49.09
184;178;29.32
184;395;35.43
184;403;54.37
184;484;9.80
184;430;41.31
185;40;58.85
185;155;44.96
185;276;85.28
185;376;56.58
185;420;75.34
185;422;36.22
185;444;74.57
186;70;88.26
186;94;48.24
186;123;29.44
186;146;27.37
186;13;42.80
186;65;40.31
186;211;3.76
186;241;30.96
186;371;73.12
186;218;24.49
186;348;71.75
187;42;55.86
187;94;50.39
187;346;27.52
187;362;76.47
187;268;42.74
187;271;79.53
187;309;25.89
187;447;35.40
188;51;36.21
188;72;76.61
188;107;83.98
188;230;4.41
188;246;75.19
188;251;44.86
188;294;65.68
188;319;57.75
188;467;35.22
189;417;76.63
189;200;48.64
189;265;83.99
189;295;68.56
189;301;41.67
189;306;43.33
189;333;14.40
189;416;63.54
190;51;1.59
190;354;24.83
190;396;16.46
191;14;73.17
191;28;47.07
191;85;85.62
191;313;52.92
191;387;49.86
191;443;17.23
191;499;58.88
191;224;72.64
191;431;55.51
191;435;44.48
191;439;11.46
192;30;32.52
192;64;78.66
192;29;63.34
192;40;35.59
192;227;33.96
192;448;88.29
192;449;15.74
193;67;85.43
193;40;48.72
193;280;8.65
193;497;26.63
193;244;31.73
194;18;39.75
194;144;12.48
194;28;4.47
194;45;23.36
194;49;54.28
194;88;58.83
194;258;22.61
194;348;6.14
194;386;55.38
194;407;76.76
194;461;9.78
194;481;62.50
194;489;8.20
194;345;8.01
195;182;33.27
195;39;69.80
195;74;89.97
195;210;28.96
195;321;19.92
195;330;79.07
195;451;15.92
195;469;41.33
195;308;3.61
195;429;16.26
196;48;31.48
196;54;77.08
196;245;71.53
196;325;83.95
196;327;84.78
196;423;34.03
196;448;15.36
196;201;86.69
196;458;9.76
196;466;58.20
196;468;42.20
197;247;37.22
197;322;76.92
197;363;50.43
197;214;20.59
197;388;23.96
198;123;25.77
198;165;73.60
198;413;87.01
198;458;41.33
198;231;74.00
198;317;35.74
198;327;18.63
198;453;43.30
198;472;8.76
199;123;78.07
199;178;72.44
199;42;56.25
199;93;65.53
199;122;66.69
199;126;27.52
199;143;87.83
199;205;14.84
199;447;16.60
199;388;87.85
200;116;39.19
200;189;48.64
200;202;13.35
200;272;35.13
200;296;52.13
200;442;42.65
200;443;83.28
201;21;80.34
201;112;33.57
201;196;86.69
201;310;32.95
201;364;7.54
201;419;10.92
201;208;70.88
201;224;34.75
201;265;22.14
201;302;18.56
201;424;8.82
201;434;51.95
202;27;69.88
202;56;16.30
202;130;38.96
202;167;2.16
202;200;13.35
202;227;44.14
202;347;4.86
202;436;45.09
203;31;2.58
203;71;13.84
203;74;52.61
203;123;12.35
203;156;11.01
203;208;68.74
203;222;49.51
203;254;19.44
203;267;64.35
203;323;26.03
203;402;34.49
204;44;13.68
204;132;82.63
204;417;85.52
204;488;54.77
204;263;75.98
204;338;29.91
204;369;39.68
204;429;41.26
204;463;63.67
205;21;86.98
205;199;14.84
205;60;37.33
205;215;39.73
205;238;22.35
205;291;63.23
205;357;60.71
205;398;18.74
205;456;34.20
205;498;88.51
205;329;60.85
205;428;64.39
206;162;39.02
206;158;71.91
207;34;10.29
207;54;75.13
207;63;34.16
207;126;64.01
207;254;12.65
207;330;38.69
207;397;88.25
207;246;14.61
208;52;16.64
208;109;1.71
208;167;25.46
208;203;68.74
208;161;50.94
208;201;70.88
208;314;74.77
208;218;9.60
208;246;39.81
208;305;67.37
208;336;57.17
208;390;36.32
208;415;38.14
208;460;78.92
208;495;42.08
209;20;37.24
209;64;72.28
209;143;73.62
209;110;66.17
209;123;85.52
209;307;45.69
209;396;59.22
209;436;74.21
209;444;22.96
209;256;43.83
209;353;38.45
209;373;60.63
209;447;49.77
210;195;28.96
210;30;3.71
210;86;28.54
210;414;61.13
210;229;7.50
210;287;26.76
210;308;88.04
211;16;81.28
211;92;40.64
211;186;3.76
211;128;84.92
211;141;78.75
211;345;77.60
211;376;35.34
211;441;86.15
212;5;78.86
212;334;60.14
212;244;32.34
212;289;58.30
212;333;7.43
213;32;86.64
213;166;58.89
213;374;38.55
213;440;59.74
213;224;88.94
213;369;59.80
214;182;37.42
214;197;20.59
214;236;21.16
214;252;46.63
214;272;8.67
214;440;73.57
215;20;6.87
215;27;25.88
215;93;63.15
215;205;39.73
215;52;62.02
215;79;49.91
215;227;5.13
215;369;7.61
215;424;72.11
215;485;2.50
216;38;44.03
216;43;72.15
216;84;49.22
216;35;34.91
216;62;42.90
216;365;7.89
216;433;86.61
217;11;34.71
217;57;40.39
217;124;48.62
217;89;79.82
217;90;55.00
217;100;58.58
217;129;33.50
217;152;43.90
217;172;44.50
217;255;14.38
217;273;27.69
217;372;85.94
217;224;21.58
217;266;51.78
217;401;52.59
217;473;51.57
218;46;89.24
218;115;7.29
218;182;57.09
218;186;24.49
218;208;9.60
218;345;76.15
218;368;8.27
218;385;5.53
218;358;63.48
218;418;24.20
219;33;11.13
219;48;12.23
219;102;13.48
219;432;73.88
219;249;42.75
219;350;73.95
220;14;89.74
220;93;86.44
220;151;69.73
220;383;62.99
220;325;4.77
221;165;46.77
221;441;27.31
221;482;89.08
221;242;26.93
221;314;52.99
221;417;13.60
222;44;11.40
222;51;66.46
222;56;88.66
222;203;49.51
222;282;10.56
222;264;79.59
222;368;44.87
223;14;62.85
223;170;37.33
223;258;61.58
223;337;26.82
223;426;32.23
224;28;7.22
224;89;19.24
224;95;54.65
224;121;17.80
224;191;72.64
224;201;34.75
224;213;88.94
224;217;21.58
224;375;45.31
224;418;20.52
224;430;51.12
224;452;46.78
224;251;71.22
224;274;37.39
224;301;66.08
225;14;17.56
225;42;39.77
225;94;16.99
225;163;24.72
225;84;41.34
225;251;35.58
225;415;48.57
225;432;15.50
225;486;57.14
225;311;18.27
225;382;45.07
226;38;5.71
226;87;26.90
226;113;81.99
226;130;88.11
226;181;35.08
226;89;17.92
227;71;78.55
227;202;44.14
227;215;5.13
227;192;33.96
227;323;63.92
228;177;84.32
228;181;25.05
228;437;72.24
228;373;80.65
229;130;72.15
229;13;29.39
229;93;81.67
229;144;4.61
229;171;62.60
229;210;7.50
229;249;7.88
229;303;74.29
229;449;87.51
229;270;18.06
229;356;16.39
229;371;70.74
230;188;4.41
230;306;61.99
230;331;75.91
230;396;16.77
230;267;15.11
230;421;68.61
230;445;80.34
231;6;60.43
231;129;65.30
231;148;53.23
231;163;33.13
231;66;63.18
231;198;74.00
231;290;58.19
231;312;62.15
231;318;29.31
231;334;82.24
231;368;12.86
231;396;58.64
231;404;50.17
232;82;12.61
232;234;55.51
232;319;87.95
232;396;65.47
232;431;40.28
232;279;23.30
232;311;69.93
232;350;18.09
232;415;18.08
233;21;55.33
233;39;54.00
233;56;36.61
233;177;39.45
233;253;14.20
233;335;65.80
233;383;32.20
233;422;23.98
233;473;17.80
233;474;7.27
234;182;21.64
234;232;55.51
234;318;48.51
234;392;37.68
234;478;56.64
234;492;13.67
234;296;62.35
234;332;44.40
235;27;36.74
235;124;68.41
235;269;63.01
235;295;85.64
235;314;43.74
236;101;49.36
236;157;63.71
236;168;17.61
236;214;21.16
236;87;83.51
236;274;10.32
236;431;47.65
236;498;33.62
236;281;9.43
236;486;79.93
237;87;83.13
237;80;60.84
237;166;88.25
237;296;45.95
237;338;42.24
237;420;42.63
237;239;39.30
238;62;3.43
238;152;84.66
238;205;22.35
238;75;27.68
238;99;31.77
238;123;40.96
238;290;87.00
238;447;81.14
238;467;37.82
238;392;50.97
239;10;2.50
239;34;21.06
239;141;76.09
239;168;62.58
239;237;39.30
239;289;13.20
239;433;58.45
239;455;23.35
239;317;20.32
239;473;55.20
240;130;13.03
240;292;72.09
240;243;77.55
240;474;56.75
241;148;46.60
241;186;30.96
241;244;29.35
241;352;67.32
241;282;67.97
241;298;31.12
241;341;67.69
241;453;34.50
241;486;59.84
242;89;87.16
242;221;26.93
242;291;4.17
242;437;44.39
243;44;57.58
243;38;67.19
243;240;77.55
243;387;59.93
243;421;32.70
243;436;2.06
243;368;44.06
243;417;38.45
244;73;42.54
244;75;66.21
244;100;47.84
244;241;29.35
244;20;78.28
244;56;34.98
244;162;75.08
244;193;31.73
244;212;32.34
244;282;79.64
244;425;58.59
244;257;34.63
244;439;67.29
244;451;17.39
244;467;19.63
245;174;24.75
245;196;71.53
245;98;70.76
245;101;9.27
245;161;77.34
245;288;2.88
245;329;15.81
245;399;10.30
245;384;75.63
246;17;71.54
246;86;19.12
246;102;68.04
246;188;75.19
246;106;72.19
246;207;14.61
246;208;39.81
246;274;80.99
246;407;29.28
246;366;13.12
247;149;17.51
247;197;37.22
248;52;16.30
248;117;23.40
248;263;56.16
248;464;45.19
248;471;48.47
248;482;74.97
248;253;22.54
248;303;70.64
248;425;51.80
249;229;7.88
249;219;42.75
249;334;66.21
249;489;77.41
249;294;79.67
249;324;35.38
250;34;49.83
250;73;57.93
250;138;22.92
250;396;75.36
250;462;37.57
250;317;65.42
250;362;62.22
251;188;44.86
251;225;35.58
251;178;7.63
251;224;71.22
251;294;4.67
251;413;77.63
251;269;77.15
251;318;73.56
251;389;73.04
252;3;68.42
252;71;75.63
252;119;13.97
252;43;71.79
252;57;81.94
252;80;50.56
252;88;79.27
252;104;86.28
252;140;46.88
252;214;46.63
252;312;44.53
252;471;88.49
252;474;31.59
253;85;45.40
253;154;53.89
253;233;14.20
253;11;74.37
253;52;54.50
253;248;22.54
253;347;21.14
254;118;13.23
254;203;19.44
254;207;12.65
254;2;38.30
254;11;14.92
254;58;35.46
254;277;59.27
255;217;14.38
255;40;71.09
256;22;4.64
256;28;31.62
256;36;11.76
256;144;44.55
256;209;43.83
256;261;61.92
256;444;62.78
257;68;54.08
257;127;63.94
257;59;16.61
257;244;34.63
257;272;1.28
257;318;18.49
257;440;61.15
257;485;85.52
257;273;45.87
257;289;85.53
257;468;49.00
257;479;2.75
258;144;35.76
258;194;22.61
258;138;59.84
258;223;61.58
258;410;68.30
258;498;63.06
259;118;10.15
259;422;20.80
259;287;25.48
259;426;49.03
260;356;22.37
260;398;69.41
260;289;70.86
260;402;8.20
261;64;81.23
261;256;61.92
261;32;34.58
261;470;16.06
261;317;61.38
261;339;29.80
261;353;51.66
261;464;32.72
262;173;12.92
262;58;80.56
262;271;2.93
262;282;35.89
262;413;64.13
262;320;13.26
262;460;82.89
263;53;26.06
263;248;56.16
263;124;71.32
263;152;37.23
263;204;75.98
263;426;53.99
263;472;70.96
263;313;59.88
263;440;28.03
264;42;62.38
264;103;80.87
264;137;27.12
264;222;79.59
264;346;77.29
264;466;24.41
264;499;80.56
264;273;81.72
264;313;10.89
265;24;80.38
265;98;79.83
265;180;21.10
265;189;83.99
265;201;22.14
265;280;69.74
265;382;30.51
265;481;28.99
266;79;31.12
266;217;51.78
266;368;28.74
266;405;41.56
266;407;50.88
266;414;45.06
266;459;74.77
266;467;2.19
266;380;37.64
267;28;64.42
267;84;62.13
267;203;64.35
267;65;61.75
267;230;15.11
267;326;60.25
267;332;50.30
268;146;62.30
268;37;4.55
268;139;51.11
268;187;42.74
268;355;44.61
268;385;56.49
268;315;47.36
268;321;30.51
268;392;70.26
268;413;53.50
269;9;83.33
269;100;15.31
269;142;78.56
269;167;34.41
269;235;63.01
269;11;54.52
269;114;9.55
269;251;77.15
269;289;74.55
269;409;59.32
269;422;6.12
269;438;89.67
270;106;24.22
270;181;33.65
270;229;18.06
270;360;12.82
270;414;82.48
270;442;81.47
271;60;4.41
271;95;40.48
271;172;59.65
271;175;33.25
271;262;2.93
271;42;42.72
271;112;6.84
271;140;19.61
271;187;79.53
271;404;79.31
271;374;80.56
272;9;40.14
272;38;68.81
272;257;1.28
272;200;35.13
272;214;8.67
272;290;78.83
272;386;54.61
272;390;83.84
272;405;53.35
272;328;41.57
272;411;24.86
272;419;59.14
273;31;39.75
273;94;23.24
273;126;43.17
273;217;27.69
273;69;56.23
273;72;45.40
273;257;45.87
273;264;81.72
273;395;48.84
273;489;35.13
273;303;68.54
274;236;10.32
274;246;80.99
274;109;65.34
274;183;40.84
274;224;37.39
274;350;31.62
274;340;89.34
274;388;61.70
275;158;73.24
275;19;71.39
275;116;34.46
275;328;88.20
275;372;64.53
275;381;64.38
276;114;61.02
276;185;85.28
276;1;82.90
276;347;50.85
276;392;12.00
276;446;34.42
276;432;63.38
276;461;66.68
277;94;60.18
277;151;79.41
277;171;22.99
277;167;23.79
277;254;59.27
277;315;53.02
277;373;32.59
277;451;89.23
277;385;76.65
278;15;14.65
278;79;19.29
278;479;69.59
278;295;22.54
278;380;32.64
278;445;15.18
278;485;72.88
279;54;84.75
279;84;65.18
279;75;39.21
279;92;58.70
279;232;23.30
279;397;53.59
279;400;55.75
279;406;41.24
280;18;79.63
280;155;4.33
280;193;8.65
280;3;24.75
280;54;46.47
280;265;69.74
280;332;16.35
280;381;63.86
281;26;77.00
281;126;25.97
281;164;41.09
281;179;39.76
281;56;81.98
281;92;84.10
281;120;66.29
281;150;43.13
281;236;9.43
281;330;70.57
281;416;58.35
281;469;56.87
282;35;87.14
282;139;66.05
282;222;10.56
282;244;79.64
282;262;35.89
282;18;53.06
282;103;87.94
282;109;16.50
282;154;32.64
282;241;67.97
282;418;1.37
282;444;54.60
283;14;28.63
283;121;18.20
283;127;59.30
283;144;27.30
283;373;30.65
284;58;77.21
284;103;44.24
284;152;26.50
284;154;42.31
284;329;39.64
284;432;65.59
284;322;20.14
285;31;75.30
285;112;72.59
285;73;60.32
285;318;23.11
285;360;64.48
285;378;81.10
285;496;47.52
286;45;80.57
286;180;66.72
286;367;29.67
286;451;1.30
286;481;9.75
287;10;53.30
287;80;68.49
287;85;89.58
287;210;26.76
287;259;25.48
287;370;52.83
287;459;79.40
287;469;46.14
288;245;2.88
288;319;64.15
288;369;70.43
288;437;26.90
288;359;24.50
289;53;9.06
289;56;89.53
289;63;57.95
289;125;84.36
289;140;84.79
289;239;13.20
289;269;74.55
289;212;58.30
289;257;85.53
289;260;70.86
289;499;16.16
289;291;72.98
289;297;21.76
289;318;45.14
289;391;75.14
289;406;45.48
290;55;58.81
290;89;71.99
290;93;36.81
290;115;57.38
290;161;58.06
290;231;58.19
290;238;87.00
290;272;78.83
290;138;29.04
291;94;66.04
291;162;89.69
291;171;18.90
291;205;63.23
291;242;4.17
291;8;79.97
291;46;84.69
291;289;72.98
291;337;61.10
291;431;61.18
291;460;83.37
291;312;34.29
291;368;47.02
291;443;40.74
292;79;5.41
292;104;34.41
292;126;79.64
292;240;72.09
292;29;24.14
292;78;2.38
292;84;64.87
292;136;1.07
292;366;33.42
292;380;34.02
292;430;75.52
292;481;33.92
292;322;2.59
292;324;53.59
292;412;58.11
293;55;56.54
293;68;13.63
293;166;8.05
293;422;58.68
293;493;35.49
293;452;4.76
294;44;35.57
294;148;6.95
294;188;65.68
294;251;4.67
294;249;79.67
294;301;3.37
294;359;32.60
294;392;51.60
294;415;30.14
294;400;64.07
295;99;21.51
295;189;68.56
295;235;85.64
295;278;22.54
295;393;40.37
295;423;71.31
295;424;82.35
295;465;84.87
295;345;68.36
296;37;63.58
296;153;15.15
296;237;45.95
296;42;71.79
296;65;70.25
296;111;77.61
296;112;22.03
296;116;38.95
296;200;52.13
296;234;62.35
296;305;71.32
296;300;14.05
296;302;85.93
296;438;52.50
296;475;70.24
297;1;19.61
297;7;64.86
297;92;4.11
297;289;21.76
297;431;39.31
297;301;14.29
297;324;66.48
298;1;79.97
298;68;5.53
298;173;18.66
298;114;7.22
298;139;38.61
298;241;31.12
298;413;68.38
298;467;8.65
298;492;47.01
299;68;88.82
299;366;16.81
299;401;49.24
299;353;20.13
299;416;77.07
299;426;1.44
299;470;79.91
299;489;49.80
300;3;55.57
300;16;13.11
300;74;2.28
300;113;59.05
300;296;14.05
300;369;59.74
300;401;31.32
301;91;15.17
301;294;3.37
301;6;76.14
301;40;33.97
301;83;52.89
301;189;41.67
301;224;66.08
301;297;14.29
301;407;68.53
301;459;58.68
301;347;71.83
301;358;10.08
301;380;85.41
302;41;76.22
302;43;55.19
302;51;79.82
302;77;79.03
302;30;15.12
302;37;4.09
302;44;82.67
302;147;4.41
302;201;18.56
302;296;85.93
302;355;3.63
302;390;30.10
302;352;62.22
302;433;78.80
303;33;41.42
303;54;61.33
303;229;74.29
303;92;69.89
303;248;70.64
303;273;68.54
303;321;66.53
303;335;22.92
303;403;74.68
303;452;60.42
304;75;47.34
304;77;79.13
304;328;59.04
304;347;15.30
305;296;71.32
305;112;62.41
305;208;67.37
305;379;33.22
305;471;32.72
305;310;33.72
305;373;35.87
306;230;61.99
306;13;52.58
306;56;2.15
306;77;2.57
306;189;43.33
306;314;46.50
306;433;22.36
306;394;65.98
306;468;33.24
307;10;38.92
307;76;32.23
307;112;10.70
307;138;34.94
307;139;19.00
307;162;71.90
307;209;45.69
307;48;78.49
307;51;19.83
307;498;26.10
307;308;33.33
307;382;28.01
308;33;50.91
308;100;65.33
308;113;46.81
308;153;2.09
308;74;85.91
308;195;3.61
308;210;88.04
308;307;33.33
308;407;52.67
308;373;1.86
309;49;2.37
309;148;40.65
309;24;72.48
309;29;83.21
309;187;25.89
309;411;29.69
309;490;75.48
309;347;2.94
309;388;61.63
309;468;46.56
310;53;48.54
310;64;48.60
310;201;32.95
310;305;33.72
310;343;45.75
310;394;19.06
310;495;55.11
311;80;46.95
311;172;82.07
311;181;33.81
311;30;88.53
311;76;72.50
311;92;38.21
311;119;52.53
311;162;17.68
311;225;18.27
311;232;69.93
311;382;29.32
311;436;9.74
311;486;71.98
311;389;20.34
312;139;61.46
312;181;42.85
312;183;85.16
312;231;62.15
312;252;44.53
312;291;34.29
312;464;62.87
312;336;56.86
313;174;43.48
313;191;52.92
313;113;66.33
313;263;59.88
313;264;10.89
313;448;19.01
313;338;20.71
313;399;2.97
313;405;61.87
314;156;32.96
314;208;74.77
314;306;46.50
314;22;6.91
314;221;52.99
314;235;43.74
314;357;7.45
314;452;17.55
314;463;12.93
315;162;18.70
315;166;68.60
315;277;53.02
315;118;5.79
315;163;14.88
315;268;47.36
315;323;74.57
315;365;43.16
315;498;51.56
315;335;84.77
316;10;26.28
316;86;11.60
316;179;24.08
316;17;30.31
316;22;61.47
316;317;65.16
316;372;87.29
316;410;56.83
316;421;10.73
317;5;46.86
317;77;41.71
317;97;46.45
317;159;48.57
317;316;65.16
317;45;48.20
317;198;35.74
317;239;20.32
317;250;65.42
317;261;61.38
317;373;13.89
317;395;58.95
317;455;20.24
318;26;72.35
318;101;79.67
318;234;48.51
318;257;18.49
318;88;68.80
318;172;30.98
318;231;29.31
318;251;73.56
318;285;23.11
318;289;45.14
318;336;77.46
318;453;9.77
318;366;76.77
318;425;32.69
318;466;6.51
318;487;14.94
319;167;41.41
319;188;57.75
319;232;87.95
319;288;64.15
319;171;20.07
319;325;4.53
319;343;60.64
319;471;41.79
320;36;88.37
320;104;17.04
320;106;83.40
320;181;87.28
320;262;13.26
320;362;80.38
320;363;17.47
320;389;19.22
320;392;1.44
320;461;60.74
320;494;62.98
321;81;39.94
321;195;19.92
321;303;66.53
321;15;8.93
321;268;30.51
321;452;81.35
321;334;7.21
321;348;34.17
321;459;81.25
321;490;1.96
322;113;64.50
322;197;76.92
322;136;33.81
322;284;20.14
322;292;2.59
322;339;39.98
322;366;54.91
322;456;82.12
322;471;89.67
322;352;77.79
323;148;55.44
323;172;89.51
323;203;26.03
323;315;74.57
323;167;30.46
323;227;63.92
323;435;75.07
323;480;56.77
324;180;65.59
324;183;51.33
324;138;12.41
324;249;35.38
324;292;53.59
324;297;66.48
324;353;13.23
324;408;19.32
324;438;34.44
324;458;54.10
324;370;72.13
324;393;4.92
325;72;23.95
325;196;83.95
325;19;58.22
325;46;8.11
325;134;86.03
325;220;4.77
325;319;4.53
325;390;62.32
325;495;37.79
325;450;50.75
326;267;60.25
326;10;67.80
326;158;39.93
326;180;8.20
326;495;89.25
326;440;36.62
327;143;9.39
327;196;84.78
327;198;18.63
327;431;30.59
327;484;68.88
328;53;67.05
328;275;88.20
328;33;59.17
328;125;63.96
328;272;41.57
328;304;59.04
328;334;79.46
328;347;54.62
328;415;77.19
328;390;72.11
329;58;39.87
329;79;27.53
329;149;76.25
329;245;15.81
329;284;39.64
329;13;20.54
329;110;35.61
329;138;39.05
329;205;60.85
329;378;35.46
329;451;51.53
329;473;8.10
329;494;33.39
330;0;63.15
330;19;54.89
330;133;78.33
330;195;79.07
330;207;38.69
330;26;48.91
330;281;70.57
330;396;56.09
331;230;75.91
331;163;78.36
331;402;51.45
331;434;64.42
332;267;50.30
332;280;16.35
332;25;50.92
332;78;33.04
332;91;17.13
332;234;44.40
332;340;23.64
332;344;66.15
332;338;68.94
332;381;72.93
332;396;70.22
332;425;54.29
333;7;63.18
333;69;38.29
333;178;52.73
333;182;81.94
333;189;14.40
333;212;7.43
333;412;19.42
334;159;28.68
334;212;60.14
334;249;66.21
334;328;79.46
334;79;43.83
334;103;14.89
334;231;82.24
334;321;7.21
334;399;37.96
335;19;65.81
335;56;35.71
335;123;73.19
335;134;7.69
335;154;51.42
335;233;65.80
335;303;22.92
335;181;8.78
335;315;84.77
336;61;15.33
336;100;56.14
336;318;77.46
336;40;37.48
336;89;52.75
336;208;57.17
336;312;56.86
