source;target;label
0;3;57.99
0;5;71.35
0;6;32.01
0;7;63.22
0;10;70.98
0;11;82.15
0;12;56.37
0;13;54.91
0;14;47.01
0;15;85.22
0;17;75.66
0;18;29.90
0;19;21.11
0;20;59.03
0;21;63.93
0;22;33.11
0;23;81.10
0;26;51.67
0;29;30.93
0;1;44.76
0;9;65.55
0;24;36.22
0;27;46.13
0;28;53.06
1;0;44.76
1;2;14.01
1;3;27.56
1;4;54.74
1;5;44.67
1;6;33.59
1;7;87.95
1;8;37.54
1;9;78.18
1;11;80.99
1;12;79.26
1;13;9.72
1;14;47.22
1;16;59.90
1;17;9.28
1;18;57.54
1;19;53.84
1;22;26.39
1;24;8.04
1;26;50.04
1;27;68.70
1;29;68.18
1;15;54.57
1;20;39.76
1;21;30.83
1;25;23.23
1;28;82.44
2;1;14.01
2;6;74.72
2;8;13.79
2;9;5.38
2;10;46.44
2;11;15.84
2;12;74.34
2;13;61.58
2;14;46.52
2;15;26.46
2;18;15.55
2;19;6.44
2;20;9.26
2;21;50.28
2;23;3.23
2;26;22.68
2;28;14.69
2;29;9.89
2;5;35.71
2;7;47.57
2;16;75.10
2;24;68.67
2;25;5.69
3;0;57.99
3;1;27.56
3;7;8.00
3;9;32.48
3;10;26.64
3;11;49.55
3;14;3.59
3;16;12.46
3;18;10.77
3;19;84.70
3;20;69.95
3;21;89.43
3;23;36.81
3;25;25.84
3;5;67.81
3;8;86.24
3;12;50.04
3;13;46.80
3;15;25.71
3;17;78.11
3;22;10.57
3;24;2.38
3;26;2.42
3;27;83.94
3;28;20.59
3;29;79.02
4;1;54.74
4;5;58.45
4;7;16.67
4;8;12.03
4;9;46.40
4;10;70.53
4;11;40.74
4;12;62.83
4;14;23.20
4;17;73.04
4;18;73.64
4;19;23.69
4;23;88.83
4;24;26.19
4;25;77.31
4;29;71.11
4;16;17.87
4;21;67.74
4;22;44.96
4;26;43.04
4;28;88.96
5;0;71.35
5;1;44.67
5;4;58.45
5;2;35.71
5;3;67.81
5;7;36.99
5;8;79.18
5;9;88.14
5;10;38.40
5;12;67.75
5;14;2.17
5;16;26.04
5;17;29.31
5;18;49.24
5;20;58.26
5;21;75.16
5;22;71.25
5;25;57.53
5;27;26.39
5;28;75.70
5;29;63.49
5;6;1.77
5;13;11.67
5;15;89.96
5;19;10.37
5;24;15.10
6;0;32.01
6;1;33.59
6;2;74.72
6;5;1.77
6;7;79.70
6;8;49.95
6;10;5.50
6;12;23.66
6;13;74.07
6;15;58.23
6;16;77.14
6;18;84.99
6;20;19.75
6;23;10.39
6;11;40.77
6;17;40.74
6;24;1.16
6;25;36.94
6;27;6.49
6;28;58.41
7;0;63.22
7;1;87.95
7;3;8.00
7;4;16.67
7;5;36.99
7;6;79.70
7;2;47.57
7;9;52.81
7;11;18.79
7;12;22.72
7;14;17.52
7;20;70.89
7;23;21.74
7;25;69.94
7;26;21.73
7;27;73.76
7;28;35.36
7;29;80.83
7;8;36.78
7;10;81.78
7;16;63.41
7;17;86.70
7;18;51.59
7;19;12.44
7;21;72.15
7;24;37.44
8;1;37.54
8;2;13.79
8;4;12.03
8;5;79.18
8;6;49.95
8;3;86.24
8;7;36.78
8;10;64.24
8;14;3.20
8;15;57.03
8;16;72.30
8;19;60.98
8;25;35.58
8;28;65.03
8;13;47.73
8;20;68.84
8;21;69.64
8;22;13.37
8;23;55.10
8;27;33.18
8;29;9.23
9;1;78.18
9;2;5.38
9;3;32.48
9;4;46.40
9;5;88.14
9;7;52.81
9;0;65.55
9;10;18.24
9;11;4.59
9;12;34.57
9;13;2.16
9;14;42.50
9;15;84.77
9;16;12.56
9;18;52.21
9;19;18.43
9;20;78.40
9;21;44.96
9;23;88.71
9;24;13.89
9;25;54.68
9;27;44.33
9;28;28.16
9;29;4.61
9;17;66.92
9;26;20.62
10;0;70.98
10;2;46.44
10;3;26.64
10;4;70.53
10;5;38.40
10;6;5.50
10;8;64.24
10;9;18.24
10;7;81.78
10;14;24.04
10;16;36.34
10;17;50.65
10;19;11.03
10;21;29.28
10;23;3.48
10;24;58.76
10;25;47.48
10;28;65.11
10;11;75.44
10;13;2.58
10;15;47.21
10;18;10.64
10;20;49.08
10;27;41.16
10;29;30.51
11;0;82.15
11;1;80.99
11;2;15.84
11;3;49.55
11;4;40.74
11;7;18.79
11;9;4.59
11;6;40.77
11;10;75.44
11;13;2.57
11;14;74.57
11;15;18.83
11;16;11.56
11;17;49.74
11;18;6.63
11;20;20.98
11;21;11.23
11;22;14.48
11;23;9.57
11;28;46.47
11;29;77.50
11;12;57.82
11;19;77.13
11;24;25.33
11;27;17.14
12;0;56.37
12;1;79.26
12;2;74.34
12;4;62.83
12;5;67.75
12;6;23.66
12;7;22.72
12;9;34.57
12;3;50.04
12;11;57.82
12;14;15.44
12;15;41.56
12;16;14.78
12;17;76.03
12;18;16.87
12;20;22.11
12;21;82.01
12;22;24.98
12;25;9.81
12;28;64.56
12;29;39.43
12;13;52.25
12;26;58.54
12;27;65.32
13;0;54.91
13;1;9.72
13;2;61.58
13;6;74.07
13;9;2.16
13;11;2.57
13;3;46.80
13;5;11.67
13;8;47.73
13;10;2.58
13;12;52.25
13;14;35.77
13;15;18.50
13;16;64.58
13;17;13.87
13;19;20.48
13;21;69.87
13;22;79.24
13;23;42.63
13;24;57.14
13;25;54.84
13;26;52.28
13;28;9.45
13;29;35.94
13;18;78.75
13;20;32.34
14;0;47.01
14;1;47.22
14;2;46.52
14;3;3.59
14;4;23.20
14;5;2.17
14;7;17.52
14;8;3.20
14;9;42.50
14;10;24.04
14;11;74.57
14;12;15.44
14;13;35.77
14;16;68.23
14;18;53.27
14;19;9.16
14;22;48.72
14;28;53.63
14;15;18.60
14;17;60.09
14;20;13.00
14;24;44.81
14;26;38.98
14;29;23.83
15;0;85.22
15;2;26.46
15;6;58.23
15;8;57.03
15;9;84.77
15;11;18.83
15;12;41.56
15;13;18.50
15;1;54.57
15;3;25.71
15;5;89.96
15;10;47.21
15;14;18.60
15;16;67.65
15;20;3.99
15;21;73.41
15;22;62.92
15;23;75.19
15;24;84.53
15;26;78.04
15;29;41.29
15;17;61.64
15;25;30.16
16;1;59.90
16;3;12.46
16;5;26.04
16;6;77.14
16;8;72.30
16;9;12.56
16;10;36.34
16;11;11.56
16;12;14.78
16;13;64.58
16;14;68.23
16;15;67.65
16;2;75.10
16;4;17.87
16;7;63.41
16;21;56.52
16;22;35.06
16;23;9.04
16;24;13.85
16;25;28.39
16;26;25.54
16;27;72.58
16;28;5.99
16;29;84.83
16;17;85.58
16;19;41.27
17;0;75.66
17;1;9.28
17;4;73.04
17;5;29.31
17;10;50.65
17;11;49.74
17;12;76.03
17;13;13.87
17;3;78.11
17;6;40.74
17;7;86.70
17;9;66.92
17;14;60.09
17;15;61.64
17;16;85.58
17;18;73.47
17;20;59.73
17;23;7.80
17;24;81.76
17;25;48.21
17;27;18.67
17;28;58.50
17;29;61.61
17;19;52.05
17;21;85.81
17;26;3.88
18;0;29.90
18;1;57.54
18;2;15.55
18;3;10.77
18;4;73.64
18;5;49.24
18;6;84.99
18;9;52.21
18;11;6.63
18;12;16.87
18;14;53.27
18;17;73.47
18;7;51.59
18;10;10.64
18;13;78.75
18;19;21.49
18;20;74.61
18;21;75.90
18;23;78.28
18;26;73.40
18;27;77.44
18;29;14.23
18;22;51.08
18;25;76.43
19;0;21.11
19;1;53.84
19;2;6.44
19;3;84.70
19;4;23.69
19;8;60.98
19;9;18.43
19;10;11.03
19;13;20.48
19;14;9.16
19;18;21.49
19;5;10.37
19;7;12.44
19;11;77.13
19;16;41.27
19;17;52.05
19;20;14.37
19;22;41.64
19;23;12.21
19;24;49.71
19;25;81.56
19;26;68.63
19;27;11.90
19;28;1.45
19;29;12.00
20;0;59.03
20;2;9.26
20;3;69.95
20;5;58.26
20;6;19.75
20;7;70.89
20;9;78.40
20;11;20.98
20;12;22.11
20;15;3.99
20;17;59.73
20;18;74.61
20;19;14.37
20;1;39.76
20;8;68.84
20;10;49.08
20;13;32.34
20;14;13.00
20;21;77.30
20;22;89.01
20;26;68.65
20;27;50.14
20;29;15.63
20;24;59.83
21;0;63.93
21;2;50.28
21;3;89.43
21;5;75.16
21;9;44.96
21;10;29.28
21;11;11.23
21;12;82.01
21;13;69.87
21;15;73.41
21;16;56.52
21;18;75.90
21;20;77.30
21;1;30.83
21;4;67.74
21;7;72.15
21;8;69.64
21;17;85.81
21;23;31.46
21;24;77.12
21;27;14.70
21;28;39.97
21;29;21.91
21;26;76.00
22;0;33.11
22;1;26.39
22;5;71.25
22;11;14.48
22;12;24.98
22;13;79.24
22;14;48.72
22;15;62.92
22;16;35.06
22;19;41.64
22;20;89.01
22;3;10.57
22;4;44.96
22;8;13.37
22;18;51.08
22;26;66.86
22;27;25.82
22;28;18.53
22;29;78.92
22;25;5.50
23;0;81.10
23;2;3.23
23;3;36.81
23;4;88.83
23;6;10.39
23;7;21.74
23;9;88.71
23;10;3.48
23;11;9.57
23;13;42.63
23;15;75.19
23;16;9.04
23;17;7.80
23;18;78.28
23;19;12.21
23;21;31.46
23;8;55.10
23;24;25.52
23;25;81.48
23;26;57.66
23;28;18.87
23;29;78.50
23;27;39.43
24;1;8.04
24;4;26.19
24;9;13.89
24;10;58.76
24;13;57.14
24;15;84.53
24;16;13.85
24;17;81.76
24;19;49.71
24;21;77.12
24;23;25.52
24;0;36.22
24;2;68.67
24;3;2.38
24;5;15.10
24;6;1.16
24;7;37.44
24;11;25.33
24;14;44.81
24;20;59.83
24;25;27.12
24;27;79.04
24;28;46.24
24;26;17.10
24;29;64.24
25;3;25.84
25;4;77.31
25;5;57.53
25;7;69.94
25;8;35.58
25;9;54.68
25;10;47.48
25;12;9.81
25;13;54.84
25;16;28.39
25;17;48.21
25;19;81.56
25;23;81.48
25;24;27.12
25;1;23.23
25;2;5.69
25;6;36.94
25;15;30.16
25;18;76.43
25;22;5.50
25;28;68.88
25;29;70.96
25;26;43.17
25;27;69.74
26;0;51.67
26;1;50.04
26;2;22.68
26;7;21.73
26;13;52.28
26;15;78.04
26;16;25.54
26;18;73.40
26;19;68.63
26;20;68.65
26;22;66.86
26;23;57.66
26;3;2.42
26;4;43.04
26;9;20.62
26;12;58.54
26;14;38.98
26;17;3.88
26;21;76.00
26;24;17.10
26;25;43.17
26;29;10.60
26;27;77.46
26;28;18.11
27;1;68.70
27;5;26.39
27;7;73.76
27;9;44.33
27;16;72.58
27;17;18.67
27;18;77.44
27;19;11.90
27;20;50.14
27;21;14.70
27;22;25.82
27;24;79.04
27;0;46.13
27;3;83.94
27;6;6.49
27;8;33.18
27;10;41.16
27;11;17.14
27;12;65.32
27;23;39.43
27;25;69.74
27;26;77.46
27;28;7.18
27;29;2.59
28;2;14.69
28;5;75.70
28;7;35.36
28;8;65.03
28;9;28.16
28;10;65.11
28;11;46.47
28;12;64.56
28;13;9.45
28;14;53.63
28;16;5.99
28;17;58.50
28;19;1.45
28;21;39.97
28;22;18.53
28;23;18.87
28;24;46.24
28;25;68.88
28;27;7.18
28;0;53.06
28;1;82.44
28;3;20.59
28;4;88.96
28;6;58.41
28;26;18.11
28;29;71.82
29;0;30.93
29;1;68.18
29;2;9.89
29;4;71.11
29;5;63.49
29;7;80.83
29;9;4.61
29;11;77.50
29;12;39.43
29;13;35.94
29;15;41.29
29;16;84.83
29;17;61.61
29;18;14.23
29;19;12.00
29;20;15.63
29;21;21.91
29;22;78.92
29;23;78.50
29;25;70.96
29;26;10.60
29;27;2.59
29;28;71.82
29;3;79.02
29;8;9.23
29;10;30.51
29;14;23.83
29;24;64.24
